3055 1 pedestrian 1 822.34 775.92 846.50 840.80
3056 0 pedestrian 1 821.55 775.68 845.94 841.72
3057 0 pedestrian 1 820.75 775.43 845.38 842.64
3058 0 pedestrian 1 819.96 775.19 844.82 843.56
3059 0 pedestrian 1 819.16 774.94 844.26 844.48
3060 1 pedestrian 0 818.37 774.70 843.70 845.40
3061 0 pedestrian 0 817.63 774.76 843.30 846.26
3062 0 pedestrian 0 816.90 774.82 842.90 847.12
3063 0 pedestrian 0 816.16 774.88 842.50 847.98
3064 0 pedestrian 0 815.43 774.94 842.10 848.84
3065 0 pedestrian 0 814.69 775.00 841.70 849.70
3066 0 pedestrian 0 813.96 775.07 841.30 850.56
3067 0 pedestrian 0 813.23 775.13 840.90 851.42
3068 0 pedestrian 0 812.49 775.19 840.50 852.28
3069 0 pedestrian 0 811.75 775.25 840.10 853.14
3070 1 pedestrian 0 811.02 775.31 839.70 854.00
3071 0 pedestrian 0 810.40 775.97 839.12 855.27
3072 0 pedestrian 0 809.78 776.63 838.53 856.53
3073 0 pedestrian 0 809.16 777.29 837.95 857.80
3074 0 pedestrian 0 808.54 777.94 837.37 859.07
3075 0 pedestrian 0 807.92 778.60 836.78 860.33
3076 0 pedestrian 0 807.30 779.26 836.20 861.60
3077 0 pedestrian 0 806.68 779.92 835.61 862.86
3078 1 pedestrian 0 806.06 780.58 835.03 864.13
3079 0 pedestrian 0 807.16 780.85 836.16 865.01
3080 1 pedestrian 0 808.27 781.12 837.30 865.90
3081 0 pedestrian 0 808.51 781.43 838.03 867.14
3082 0 pedestrian 0 808.76 781.73 838.76 868.39
3083 0 pedestrian 0 809.00 782.04 839.49 869.63
3084 0 pedestrian 0 809.25 782.35 840.22 870.87
3085 0 pedestrian 0 809.49 782.66 840.95 872.11
3086 0 pedestrian 0 809.74 782.96 841.68 873.36
3087 1 pedestrian 0 809.98 783.27 842.41 874.60
3088 0 pedestrian 0 810.22 783.58 843.14 874.97
3089 0 pedestrian 0 810.47 783.88 843.87 875.33
3090 1 pedestrian 0 810.71 784.19 844.60 875.70
3091 0 pedestrian 0 810.76 782.82 844.83 875.92
3092 0 pedestrian 0 810.80 781.45 845.07 876.13
3093 0 pedestrian 0 810.85 780.08 845.30 876.35
3094 0 pedestrian 0 810.90 778.70 845.53 876.57
3095 0 pedestrian 0 810.94 777.33 845.77 876.78
3096 1 pedestrian 0 810.99 775.96 846.00 877.00
3097 0 pedestrian 0 810.81 774.71 846.19 877.04
3098 0 pedestrian 0 810.62 773.46 846.39 877.08
3099 0 pedestrian 0 810.44 772.21 846.59 877.12
3100 1 pedestrian 0 810.26 770.96 846.78 877.16
3101 0 pedestrian 0 808.87 769.97 845.76 877.46
3102 0 pedestrian 0 807.48 768.99 844.75 877.76
3103 0 pedestrian 0 806.08 768.00 843.73 878.07
3104 1 pedestrian 0 804.69 767.01 842.71 878.37
3105 0 pedestrian 0 802.28 766.66 840.68 879.31
3106 0 pedestrian 0 799.86 766.31 838.64 880.25
3107 0 pedestrian 0 797.45 765.96 836.61 881.18
3108 0 pedestrian 0 795.04 765.61 834.57 882.12
3109 0 pedestrian 0 792.62 765.26 832.53 883.06
3110 1 pedestrian 0 790.21 764.91 830.50 884.00
3111 0 pedestrian 0 787.05 764.32 828.15 885.21
3112 0 pedestrian 0 783.90 763.72 825.80 886.41
3113 0 pedestrian 0 780.74 763.13 823.45 887.62
3114 0 pedestrian 0 777.59 762.53 821.10 888.83
3115 0 pedestrian 0 774.43 761.94 818.74 890.04
3116 0 pedestrian 0 771.27 761.35 816.39 891.25
3117 0 pedestrian 0 768.12 760.75 814.04 892.45
3118 1 pedestrian 0 764.96 760.16 811.69 893.66
3119 0 pedestrian 0 761.62 760.33 809.14 895.63
3120 1 pedestrian 0 758.27 760.50 806.60 897.60
3121 0 pedestrian 0 755.16 759.67 804.30 899.56
3122 0 pedestrian 0 752.05 758.84 802.00 901.52
3123 0 pedestrian 0 748.94 758.00 799.70 903.48
3124 0 pedestrian 0 745.83 757.17 797.40 905.44
3125 0 pedestrian 0 742.72 756.34 795.10 907.40
3126 0 pedestrian 0 739.61 755.51 792.80 909.36
3127 0 pedestrian 0 736.50 754.68 790.50 911.32
3128 0 pedestrian 0 733.40 753.84 788.20 913.28
3129 0 pedestrian 0 730.29 753.01 785.90 915.24
3130 0 pedestrian 0 727.18 752.18 783.60 917.20
3131 0 pedestrian 0 724.07 751.35 781.30 919.16
3132 0 pedestrian 0 720.96 750.52 779.00 921.12
3133 0 pedestrian 0 717.85 749.68 776.70 923.08
3134 0 pedestrian 0 714.74 748.85 774.40 925.04
3135 1 pedestrian 0 711.63 748.02 772.10 927.00
3136 0 pedestrian 0 705.50 747.31 767.52 930.26
3137 0 pedestrian 0 699.38 746.61 762.94 933.52
3138 0 pedestrian 0 693.25 745.90 758.36 936.78
3139 0 pedestrian 0 687.13 745.20 753.78 940.04
3140 0 pedestrian 0 681.00 744.50 749.20 943.30
3141 0 pedestrian 0 674.88 743.79 744.62 946.56
3142 0 pedestrian 0 668.75 743.09 740.04 949.82
3143 0 pedestrian 0 662.63 742.38 735.46 953.08
3144 0 pedestrian 0 656.50 741.68 730.88 956.34
3145 1 pedestrian 0 650.38 740.97 726.30 959.60
3146 0 pedestrian 0 638.57 738.55 717.66 964.63
3147 0 pedestrian 0 626.76 736.12 709.02 969.66
3148 0 pedestrian 0 614.95 733.70 700.38 974.69
3149 0 pedestrian 0 603.14 731.27 691.74 979.72
3150 0 pedestrian 0 591.33 728.85 683.10 984.75
3151 0 pedestrian 0 579.52 726.43 674.46 989.78
3152 0 pedestrian 0 567.71 724.00 665.82 994.81
3153 0 pedestrian 0 555.90 721.58 657.18 999.84
3154 0 pedestrian 0 544.09 719.15 648.54 1004.87
3155 1 pedestrian 0 532.28 716.73 639.90 1009.90
3156 0 pedestrian 0 515.65 713.18 624.80 1016.88
3157 0 pedestrian 0 499.03 709.63 609.70 1023.86
3158 0 pedestrian 0 482.40 706.07 594.60 1030.84
3159 0 pedestrian 0 465.78 702.52 579.50 1037.82
3160 1 pedestrian 0 449.15 698.97 564.40 1044.80
3161 0 pedestrian 0 424.48 692.76 545.58 1050.84
3162 0 pedestrian 0 399.81 686.54 526.76 1056.88
3163 0 pedestrian 0 375.14 680.33 507.94 1062.92
3164 0 pedestrian 0 350.47 674.11 489.12 1068.96
3165 1 pedestrian 0 325.80 667.90 470.30 1075.00
3166 0 pedestrian 0 290.16 652.55 436.30 1076.00
3167 0 pedestrian 0 254.53 637.20 402.30 1077.00
3168 0 pedestrian 0 218.89 621.84 368.30 1078.00
3169 0 pedestrian 0 183.26 606.49 334.30 1079.00
3170 1 pedestrian 1 147.62 591.14 300.30 1080.00
3171 0 pedestrian 1 103.45 575.61 251.20 1080.00
3172 0 pedestrian 1 59.29 560.07 202.10 1080.00
3173 1 pedestrian 1 15.12 544.54 153.00 1080.00
3174 1 pedestrian 1 0.00 522.61 85.20 1080.00
3175 1 pedestrian 1 0.00 517.13 66.90 1080.00
3176 1 pedestrian 1 0.00 517.13 66.90 1080.00
