821 1 pedestrian 1 110.61 704.50 134.85 802.92
822 1 pedestrian 1 112.08 704.68 136.31 801.99
823 0 pedestrian 1 113.55 704.87 137.78 801.06
824 0 pedestrian 1 115.02 705.05 139.24 800.13
825 1 pedestrian 1 116.49 705.24 140.70 799.20
826 0 pedestrian 1 117.86 705.79 142.90 799.65
827 0 pedestrian 1 119.24 706.34 145.10 800.10
828 0 pedestrian 1 120.61 706.89 147.30 800.55
829 1 pedestrian 1 121.99 707.44 149.50 801.00
830 0 pedestrian 1 122.85 707.32 150.83 801.37
831 0 pedestrian 1 123.70 707.19 152.17 801.73
832 1 pedestrian 1 124.56 707.07 153.50 802.10
833 1 pedestrian 1 126.40 708.91 155.34 803.94
834 1 pedestrian 1 125.67 708.18 154.60 803.20
835 1 pedestrian 1 125.67 708.18 154.60 803.20
836 0 pedestrian 1 127.69 707.90 156.70 803.03
837 0 pedestrian 1 129.71 707.62 158.80 802.85
838 0 pedestrian 1 131.72 707.35 160.90 802.67
839 1 pedestrian 1 133.74 707.07 163.00 802.50
840 0 pedestrian 1 134.03 707.29 164.76 804.26
841 0 pedestrian 1 134.33 707.51 166.52 806.02
842 0 pedestrian 1 134.62 707.74 168.28 807.78
843 0 pedestrian 1 134.92 707.96 170.04 809.54
844 1 pedestrian 1 135.21 708.18 171.80 811.30
845 0 pedestrian 1 136.75 708.77 172.94 814.82
846 0 pedestrian 1 138.29 709.35 174.08 818.34
847 0 pedestrian 1 139.84 709.94 175.22 821.86
848 0 pedestrian 1 141.38 710.52 176.36 825.38
849 1 pedestrian 1 142.92 711.11 177.50 828.90
850 0 pedestrian 1 144.21 710.56 178.78 828.62
851 0 pedestrian 1 145.50 710.01 180.05 828.35
852 0 pedestrian 1 146.78 709.46 181.32 828.07
853 1 pedestrian 0 148.07 708.91 182.60 827.80
854 0 pedestrian 0 148.80 709.13 183.33 828.02
855 0 pedestrian 0 149.54 709.35 184.07 828.24
856 0 pedestrian 0 150.27 709.57 184.80 828.46
857 0 pedestrian 0 151.01 709.79 185.54 828.68
858 1 pedestrian 0 151.74 710.01 186.27 828.90
859 0 pedestrian 0 152.75 710.10 187.28 828.99
860 0 pedestrian 0 153.76 710.20 188.29 829.09
861 1 pedestrian 1 154.77 710.29 189.30 829.18
862 1 pedestrian 1 155.78 710.38 190.31 829.27
863 0 pedestrian 1 156.76 710.50 191.29 829.39
864 0 pedestrian 1 157.73 710.62 192.27 829.52
865 1 pedestrian 1 158.71 710.74 193.25 829.64
866 0 pedestrian 1 160.18 710.13 194.72 829.03
867 0 pedestrian 1 161.65 709.52 196.18 828.41
868 1 pedestrian 1 163.12 708.91 197.65 827.80
869 0 pedestrian 1 164.78 710.19 199.31 829.09
870 1 pedestrian 1 166.43 711.48 200.96 830.37
871 1 pedestrian 1 166.43 711.48 200.96 830.37
872 0 pedestrian 1 167.02 711.36 201.65 831.29
873 0 pedestrian 1 167.61 711.24 202.34 832.21
874 0 pedestrian 1 168.21 711.11 203.03 833.12
875 0 pedestrian 1 168.80 710.99 203.72 834.04
876 0 pedestrian 1 169.39 710.87 204.42 834.96
877 0 pedestrian 1 169.98 710.75 205.11 835.88
878 0 pedestrian 1 170.57 710.62 205.80 836.80
879 0 pedestrian 1 171.16 710.50 206.49 837.72
880 0 pedestrian 1 171.75 710.38 207.18 838.63
881 0 pedestrian 1 172.35 710.26 207.87 839.55
882 0 pedestrian 1 172.94 710.14 208.56 840.47
883 0 pedestrian 1 173.53 710.01 209.25 841.39
884 0 pedestrian 1 174.12 709.89 209.94 842.31
885 0 pedestrian 1 174.71 709.77 210.64 843.23
886 0 pedestrian 1 175.31 709.65 211.33 844.14
887 0 pedestrian 1 175.90 709.52 212.02 845.06
888 0 pedestrian 1 176.49 709.40 212.71 845.98
889 1 pedestrian 1 177.08 709.28 213.40 846.90
890 1 pedestrian 1 181.11 709.28 217.44 846.90
891 0 pedestrian 1 180.19 709.28 216.52 846.90
892 1 pedestrian 1 179.28 709.28 215.60 846.90
893 1 pedestrian 0 178.54 708.91 215.20 849.80
894 0 pedestrian 0 178.39 708.43 216.23 850.39
895 0 pedestrian 0 178.25 707.95 217.26 850.98
896 0 pedestrian 0 178.10 707.48 218.29 851.57
897 0 pedestrian 0 177.96 707.00 219.32 852.16
898 0 pedestrian 0 177.81 706.52 220.35 852.75
899 0 pedestrian 0 177.66 706.04 221.38 853.34
900 0 pedestrian 0 177.52 705.56 222.41 853.93
901 0 pedestrian 0 177.37 705.09 223.44 854.52
902 0 pedestrian 0 177.23 704.61 224.47 855.11
903 1 pedestrian 0 177.08 704.13 225.50 855.70
904 0 pedestrian 0 177.12 703.62 225.26 855.77
905 0 pedestrian 0 177.15 703.10 225.02 855.84
906 0 pedestrian 0 177.19 702.59 224.78 855.91
907 0 pedestrian 0 177.22 702.07 224.54 855.98
908 0 pedestrian 0 177.26 701.56 224.30 856.05
909 0 pedestrian 0 177.30 701.05 224.06 856.12
910 0 pedestrian 0 177.33 700.53 223.82 856.19
911 0 pedestrian 0 177.37 700.02 223.58 856.26
912 0 pedestrian 0 177.40 699.50 223.34 856.33
913 1 pedestrian 0 177.44 698.99 223.10 856.40
914 0 pedestrian 0 176.96 699.43 223.87 857.94
915 0 pedestrian 0 176.49 699.87 224.64 859.48
916 0 pedestrian 0 176.01 700.31 225.41 861.02
917 0 pedestrian 0 175.53 700.75 226.18 862.56
918 0 pedestrian 0 175.06 701.19 226.95 864.10
919 0 pedestrian 0 174.58 701.64 227.72 865.64
920 0 pedestrian 0 174.10 702.08 228.49 867.18
921 0 pedestrian 0 173.62 702.52 229.26 868.72
922 0 pedestrian 0 173.15 702.96 230.03 870.26
923 1 pedestrian 0 172.67 703.40 230.80 871.80
924 0 pedestrian 0 173.95 703.18 231.24 871.98
925 0 pedestrian 0 175.24 702.96 231.68 872.16
926 0 pedestrian 0 176.53 702.74 232.12 872.34
927 0 pedestrian 0 177.81 702.52 232.56 872.52
928 0 pedestrian 0 179.09 702.30 233.00 872.70
929 0 pedestrian 0 180.38 702.08 233.44 872.88
930 0 pedestrian 0 181.66 701.86 233.88 873.06
931 0 pedestrian 0 182.95 701.64 234.32 873.24
932 0 pedestrian 0 184.24 701.42 234.76 873.42
933 1 pedestrian 0 185.52 701.20 235.20 873.60
934 0 pedestrian 0 184.56 701.93 236.12 875.47
935 0 pedestrian 0 183.61 702.67 237.04 877.34
936 0 pedestrian 0 182.66 703.40 237.96 879.21
937 0 pedestrian 0 181.70 704.14 238.88 881.08
938 0 pedestrian 0 180.75 704.87 239.80 882.95
939 0 pedestrian 0 179.79 705.60 240.72 884.82
940 0 pedestrian 0 178.84 706.34 241.64 886.69
941 0 pedestrian 0 177.88 707.07 242.56 888.56
942 0 pedestrian 0 176.93 707.81 243.48 890.43
943 1 pedestrian 0 175.97 708.54 244.40 892.30
944 0 pedestrian 0 177.66 708.43 246.64 893.59
945 0 pedestrian 0 179.35 708.32 248.88 894.88
946 0 pedestrian 0 181.04 708.21 251.12 896.17
947 0 pedestrian 0 182.73 708.10 253.36 897.46
948 0 pedestrian 0 184.42 707.99 255.60 898.75
949 1 pedestrian 0 186.11 707.88 257.84 900.04
950 0 pedestrian 0 187.80 707.77 260.08 901.33
951 0 pedestrian 0 189.49 707.66 262.32 902.62
952 0 pedestrian 0 191.18 707.55 264.56 903.91
953 1 pedestrian 0 192.87 707.44 266.80 905.20
954 0 pedestrian 0 194.77 706.81 266.82 906.52
955 0 pedestrian 0 196.68 706.17 266.85 907.84
956 0 pedestrian 0 198.58 705.54 266.88 909.16
957 0 pedestrian 0 200.49 704.90 266.90 910.48
958 0 pedestrian 0 202.39 704.26 266.93 911.80
959 0 pedestrian 0 204.29 703.63 266.95 913.12
960 0 pedestrian 0 206.20 703.00 266.98 914.44
961 1 pedestrian 0 208.10 702.36 267.00 915.76
962 0 pedestrian 0 210.00 701.73 271.90 917.08
963 1 pedestrian 0 211.90 701.09 276.80 918.40
964 0 pedestrian 0 212.38 701.73 284.27 920.04
965 1 pedestrian 0 212.85 702.36 291.73 921.68
966 1 pedestrian 0 213.33 703.00 299.20 923.32
967 0 pedestrian 0 213.81 703.63 299.40 924.96
968 0 pedestrian 0 214.28 704.27 299.60 926.60
969 0 pedestrian 0 214.76 704.90 299.80 928.24
970 0 pedestrian 0 215.23 705.54 300.00 929.88
971 0 pedestrian 0 215.71 706.17 300.20 931.52
972 0 pedestrian 0 216.18 706.81 300.40 933.16
973 1 pedestrian 0 216.66 707.44 300.60 934.80
974 0 pedestrian 0 221.52 706.21 302.32 935.05
975 0 pedestrian 0 226.37 704.99 304.04 935.31
976 0 pedestrian 0 231.23 703.76 305.76 935.56
977 0 pedestrian 0 236.08 702.54 307.48 935.82
978 1 pedestrian 0 240.94 701.31 309.20 936.07
979 0 pedestrian 0 242.75 702.22 318.50 938.46
980 0 pedestrian 0 244.56 703.12 327.80 940.84
981 0 pedestrian 0 246.36 704.03 337.10 943.23
982 1 pedestrian 0 248.17 704.94 346.40 945.61
983 1 pedestrian 0 249.98 705.85 347.10 948.00
984 0 pedestrian 0 254.21 705.11 349.37 948.90
985 0 pedestrian 0 258.44 704.37 351.64 949.80
986 0 pedestrian 0 262.67 703.63 353.91 950.70
987 0 pedestrian 0 266.90 702.89 356.18 951.60
988 0 pedestrian 0 271.13 702.15 358.45 952.50
989 0 pedestrian 0 275.36 701.41 360.72 953.40
990 0 pedestrian 0 279.59 700.67 362.99 954.30
991 0 pedestrian 0 283.82 699.93 365.26 955.20
992 0 pedestrian 0 288.05 699.19 367.53 956.10
993 1 pedestrian 0 292.28 698.45 369.80 957.00
994 0 pedestrian 0 294.71 699.29 384.37 958.53
995 0 pedestrian 0 297.15 700.14 398.93 960.06
996 1 pedestrian 0 299.58 700.98 413.50 961.59
997 0 pedestrian 0 302.01 701.83 418.95 963.12
998 0 pedestrian 0 304.44 702.67 424.40 964.65
999 0 pedestrian 0 306.88 703.52 429.85 966.18
1000 1 pedestrian 0 309.31 704.37 435.30 967.71
1001 0 pedestrian 0 311.74 705.22 434.10 969.24
1002 0 pedestrian 0 314.18 706.06 432.90 970.77
1003 1 pedestrian 0 316.61 706.91 431.70 972.30
1004 0 pedestrian 0 326.64 706.41 436.15 972.91
1005 0 pedestrian 0 336.67 705.91 440.60 973.52
1006 0 pedestrian 0 346.71 705.41 445.05 974.12
1007 0 pedestrian 0 356.74 704.92 449.50 974.73
1008 0 pedestrian 0 366.77 704.42 453.95 975.34
1009 1 pedestrian 0 376.80 703.92 458.40 975.95
1010 0 pedestrian 0 379.86 705.33 470.22 978.46
1011 0 pedestrian 0 382.93 706.73 482.05 980.98
1012 0 pedestrian 0 385.99 708.14 493.88 983.49
1013 1 pedestrian 0 389.05 709.55 505.70 986.00
1014 0 pedestrian 0 389.76 708.28 510.56 987.64
1015 0 pedestrian 0 390.48 707.01 515.42 989.28
1016 0 pedestrian 0 391.19 705.74 520.28 990.92
1017 1 pedestrian 0 391.90 704.47 525.14 992.56
1018 0 pedestrian 0 403.41 703.20 530.00 994.20
1019 0 pedestrian 0 414.92 701.93 534.86 995.84
1020 0 pedestrian 0 426.43 700.66 539.72 997.48
1021 0 pedestrian 0 437.94 699.40 544.58 999.12
1022 0 pedestrian 0 449.45 698.13 549.44 1000.76
1023 1 pedestrian 0 460.96 696.86 554.30 1002.40
1024 0 pedestrian 0 464.03 697.71 572.32 1003.67
1025 0 pedestrian 0 467.10 698.55 590.34 1004.94
1026 0 pedestrian 0 470.16 699.40 608.36 1006.21
1027 0 pedestrian 0 473.23 700.24 626.38 1007.48
1028 1 pedestrian 0 476.30 701.09 644.40 1008.75
1029 0 pedestrian 0 479.37 701.94 646.90 1010.02
1030 0 pedestrian 0 482.43 702.78 649.40 1011.29
1031 0 pedestrian 0 485.50 703.63 651.90 1012.56
1032 0 pedestrian 0 488.56 704.47 654.40 1013.83
1033 1 pedestrian 0 491.63 705.32 656.90 1015.10
1034 0 pedestrian 0 506.63 704.01 661.65 1016.65
1035 0 pedestrian 0 521.62 702.70 666.40 1018.20
1036 0 pedestrian 0 536.62 701.38 671.15 1019.75
1037 1 pedestrian 0 551.62 700.07 675.90 1021.30
1038 0 pedestrian 0 564.59 701.30 687.15 1022.55
1039 0 pedestrian 0 577.56 702.53 698.40 1023.80
1040 0 pedestrian 0 590.53 703.75 709.65 1025.05
1041 1 pedestrian 0 603.50 704.98 720.90 1026.30
1042 0 pedestrian 0 607.32 706.21 746.00 1027.55
1043 1 pedestrian 0 611.14 707.44 771.10 1028.80
1044 0 pedestrian 0 610.27 706.96 785.05 1029.59
1045 1 pedestrian 0 609.40 706.48 799.00 1030.38
1046 0 pedestrian 0 614.20 706.00 801.52 1031.17
1047 0 pedestrian 0 619.00 705.53 804.05 1031.96
1048 0 pedestrian 0 623.80 705.06 806.58 1032.75
1049 1 pedestrian 0 628.60 704.58 809.10 1033.54
1050 0 pedestrian 0 646.05 704.11 811.62 1034.33
1051 0 pedestrian 0 663.50 703.63 814.15 1035.12
1052 0 pedestrian 0 680.94 703.15 816.68 1035.91
1053 1 pedestrian 0 698.39 702.68 819.20 1036.70
1054 0 pedestrian 0 719.47 701.47 829.45 1035.74
1055 1 pedestrian 0 740.56 700.27 839.70 1034.79
1056 0 pedestrian 0 742.11 701.44 867.30 1036.22
1057 0 pedestrian 0 743.66 702.62 894.90 1037.64
1058 0 pedestrian 0 745.21 703.79 922.50 1039.07
1059 1 pedestrian 0 746.76 704.96 950.10 1040.50
1060 0 pedestrian 0 748.31 706.13 955.60 1041.92
1061 0 pedestrian 0 749.86 707.31 961.10 1043.35
1062 0 pedestrian 0 751.41 708.49 966.60 1044.78
1063 1 pedestrian 0 752.96 709.66 972.10 1046.20
1064 0 pedestrian 0 769.39 708.26 973.42 1046.58
1065 0 pedestrian 0 785.83 706.87 974.75 1046.96
1066 0 pedestrian 0 802.27 705.48 976.08 1047.34
1067 1 pedestrian 0 818.70 704.08 977.40 1047.72
1068 0 pedestrian 0 844.25 702.68 989.20 1048.10
1069 1 pedestrian 0 869.80 701.28 1001.00 1048.48
1070 0 pedestrian 0 891.20 699.88 1009.35 1048.86
1071 1 pedestrian 0 912.60 698.49 1017.70 1049.24
1072 0 pedestrian 0 914.95 697.10 1032.95 1049.62
1073 1 pedestrian 0 917.31 695.70 1048.20 1050.00
1074 0 pedestrian 0 921.81 695.57 1081.00 1050.95
1075 0 pedestrian 0 926.30 695.45 1113.80 1051.90
1076 1 pedestrian 0 930.80 695.32 1146.60 1052.85
1077 0 pedestrian 0 932.25 696.14 1144.12 1054.75
1078 0 pedestrian 0 933.70 696.97 1141.65 1056.65
1079 0 pedestrian 0 935.15 697.80 1139.17 1058.56
1080 1 pedestrian 0 936.60 698.62 1136.70 1060.46
1081 0 pedestrian 0 961.26 697.22 1144.63 1060.14
1082 0 pedestrian 0 985.93 695.83 1152.57 1059.82
1083 1 pedestrian 0 1010.59 694.43 1160.50 1059.50
1084 0 pedestrian 0 1041.31 691.76 1177.05 1056.57
1085 1 pedestrian 0 1072.02 689.10 1193.60 1053.63
1086 0 pedestrian 0 1085.65 690.24 1206.70 1054.50
1087 0 pedestrian 0 1099.27 691.39 1219.80 1055.37
1088 1 pedestrian 0 1112.90 692.53 1232.90 1056.24
1089 0 pedestrian 0 1112.74 693.67 1259.73 1057.11
1090 0 pedestrian 0 1112.59 694.82 1286.55 1057.99
1091 0 pedestrian 0 1112.43 695.96 1313.38 1058.86
1092 1 pedestrian 0 1112.27 697.10 1340.20 1059.73
1093 1 pedestrian 0 1112.12 698.24 1337.50 1060.60
1094 0 pedestrian 0 1125.94 695.64 1346.11 1060.47
1095 0 pedestrian 0 1139.76 693.04 1354.72 1060.34
1096 0 pedestrian 0 1153.58 690.43 1363.33 1060.21
1097 1 pedestrian 0 1167.40 687.83 1371.94 1060.08
1098 0 pedestrian 0 1189.49 685.23 1367.97 1059.95
1099 1 pedestrian 0 1211.58 682.63 1364.00 1059.82
1100 0 pedestrian 0 1251.54 680.03 1378.90 1059.69
1101 1 pedestrian 0 1291.50 677.43 1393.80 1059.56
1102 1 pedestrian 0 1295.72 674.83 1408.70 1059.43
1103 1 pedestrian 0 1299.94 672.22 1423.60 1059.30
1104 0 pedestrian 0 1302.09 670.77 1448.13 1057.38
1105 0 pedestrian 0 1304.25 669.33 1472.67 1055.46
1106 1 pedestrian 0 1306.40 667.88 1497.20 1053.54
1107 0 pedestrian 0 1314.20 666.43 1502.90 1051.62
1108 0 pedestrian 0 1322.00 664.99 1508.60 1049.70
1109 0 pedestrian 0 1329.80 663.54 1514.30 1047.78
1110 0 pedestrian 0 1337.60 662.10 1520.00 1045.86
1111 1 pedestrian 0 1345.40 660.65 1525.70 1043.94
1112 0 pedestrian 0 1370.26 659.20 1531.40 1042.02
1113 1 pedestrian 0 1395.12 657.76 1537.10 1040.10
1114 0 pedestrian 0 1425.51 656.31 1548.52 1039.26
1115 1 pedestrian 0 1455.90 654.86 1559.94 1038.42
1116 0 pedestrian 0 1465.01 653.41 1576.69 1037.58
1117 0 pedestrian 0 1474.13 651.97 1593.44 1036.74
1118 0 pedestrian 0 1483.24 650.52 1610.19 1035.90
1119 0 pedestrian 0 1492.36 649.08 1626.95 1035.06
1120 0 pedestrian 0 1501.47 647.63 1643.70 1034.22
1121 0 pedestrian 0 1510.59 646.19 1660.45 1033.38
1122 1 pedestrian 0 1519.70 644.74 1677.20 1032.54
1123 1 pedestrian 0 1500.96 643.29 1651.30 1031.70
1124 0 pedestrian 0 1517.87 640.55 1660.51 1024.69
1125 0 pedestrian 0 1534.78 637.81 1669.72 1017.68
1126 0 pedestrian 0 1551.68 635.06 1678.93 1010.67
1127 0 pedestrian 0 1568.59 632.32 1688.14 1003.66
1128 1 pedestrian 0 1585.50 629.58 1697.35 996.65
1129 0 pedestrian 0 1602.40 626.84 1706.56 989.64
1130 0 pedestrian 0 1619.30 624.10 1715.77 982.63
1131 1 pedestrian 0 1636.20 621.36 1724.98 975.62
1132 0 pedestrian 0 1637.88 618.62 1734.19 968.61
1133 1 pedestrian 0 1639.55 615.88 1743.40 961.60
1134 0 pedestrian 0 1646.10 614.58 1763.47 960.15
1135 0 pedestrian 0 1652.65 613.29 1783.53 958.70
1136 1 pedestrian 0 1659.20 611.99 1803.60 957.25
1137 0 pedestrian 0 1663.22 610.70 1806.64 955.80
1138 0 pedestrian 0 1667.25 609.40 1809.68 954.35
1139 0 pedestrian 0 1671.28 608.11 1812.73 952.90
1140 1 pedestrian 0 1675.30 606.82 1815.77 951.45
1141 0 pedestrian 0 1685.21 605.52 1818.81 950.00
1142 0 pedestrian 0 1695.13 604.23 1821.86 948.55
1143 1 pedestrian 0 1705.04 602.93 1824.90 947.10
1144 0 pedestrian 0 1720.36 601.38 1830.38 943.94
1145 0 pedestrian 0 1735.68 599.84 1835.86 940.77
1146 1 pedestrian 0 1751.00 598.29 1841.34 937.61
1147 0 pedestrian 0 1757.27 597.10 1846.82 934.81
1148 0 pedestrian 0 1763.54 595.92 1852.30 932.01
1149 0 pedestrian 0 1769.81 594.73 1857.78 929.21
1150 0 pedestrian 0 1776.08 593.55 1863.26 926.40
1151 0 pedestrian 0 1782.35 592.36 1868.74 923.60
1152 0 pedestrian 0 1788.62 591.18 1874.22 920.80
1153 1 pedestrian 0 1794.89 589.99 1879.70 918.00
1154 0 pedestrian 0 1796.10 588.01 1882.51 917.15
1155 1 pedestrian 0 1797.30 586.03 1885.32 916.30
1156 0 pedestrian 0 1805.40 584.05 1888.13 911.16
1157 0 pedestrian 0 1813.50 582.07 1890.94 906.03
1158 0 pedestrian 0 1821.60 580.09 1893.75 900.89
1159 0 pedestrian 0 1829.70 578.11 1896.56 895.75
1160 0 pedestrian 0 1837.80 576.13 1899.37 890.62
1161 1 pedestrian 0 1845.90 574.15 1902.18 885.48
1162 0 pedestrian 0 1847.43 572.17 1904.99 880.34
1163 1 pedestrian 0 1848.95 570.19 1907.80 875.20
1164 0 pedestrian 0 1850.74 570.49 1911.87 874.56
1165 0 pedestrian 0 1852.53 570.80 1915.93 873.92
1166 1 pedestrian 0 1854.32 571.10 1920.00 873.28
1167 0 pedestrian 0 1856.11 571.40 1920.00 872.64
1168 1 pedestrian 0 1857.90 571.71 1920.00 872.00
1169 0 pedestrian 0 1859.81 571.33 1920.00 871.62
1170 1 pedestrian 0 1861.71 570.95 1920.00 871.24
1171 1 pedestrian 1 1860.95 566.38 1919.24 866.67
1172 0 pedestrian 1 1867.61 564.29 1919.43 864.57
1173 0 pedestrian 1 1874.28 562.19 1919.62 862.48
1174 0 pedestrian 1 1880.94 560.10 1919.81 860.38
1175 1 pedestrian 1 1887.60 558.01 1920.00 858.29
1176 0 pedestrian 1 1894.85 558.01 1920.00 858.29
1177 1 pedestrian 1 1902.10 558.01 1920.00 858.29
1178 1 pedestrian 1 1913.48 552.68 1920.00 852.96
