2106 1 pedestrian 0 859.90 786.41 866.80 813.70
2107 1 pedestrian 0 857.48 785.50 864.45 813.06
2108 1 pedestrian 0 858.26 784.59 865.30 812.42
2109 1 pedestrian 0 857.80 787.37 864.92 815.47
2110 0 pedestrian 0 855.63 789.39 862.82 817.76
2111 1 pedestrian 0 853.46 791.41 860.72 820.06
2112 0 pedestrian 0 853.63 793.27 860.72 822.19
2113 1 pedestrian 0 853.80 795.14 860.72 824.32
2114 0 pedestrian 0 852.60 795.32 859.35 824.77
2115 0 pedestrian 0 851.40 795.50 857.97 825.22
2116 1 pedestrian 0 850.20 795.68 856.60 825.67
2117 1 pedestrian 0 850.03 794.84 856.78 825.10
2118 0 pedestrian 0 848.61 794.87 855.70 825.40
2119 0 pedestrian 0 847.19 794.90 854.63 825.70
2120 0 pedestrian 0 845.78 794.94 853.56 826.00
2121 1 pedestrian 0 844.36 794.97 852.48 826.30
2122 0 pedestrian 0 842.81 794.85 851.01 826.26
2123 0 pedestrian 0 841.26 794.72 849.55 826.23
2124 1 pedestrian 0 839.71 794.60 848.08 826.19
2125 1 pedestrian 0 840.50 794.22 847.52 825.90
2126 1 pedestrian 0 838.44 793.85 846.97 825.62
2127 0 pedestrian 0 837.06 792.89 845.67 824.74
2128 0 pedestrian 0 835.68 791.93 844.37 823.87
2129 0 pedestrian 0 834.30 790.96 843.07 822.99
2130 0 pedestrian 0 832.92 790.00 841.77 822.12
2131 1 pedestrian 0 831.54 789.04 840.47 821.24
2132 1 pedestrian 0 832.86 788.84 840.20 821.13
2133 0 pedestrian 0 829.99 788.79 837.80 821.16
2134 1 pedestrian 0 827.11 788.74 835.40 821.20
2135 0 pedestrian 0 826.48 789.03 834.87 821.58
2136 0 pedestrian 0 825.84 789.32 834.33 821.95
2137 1 pedestrian 0 825.21 789.61 833.80 822.33
2138 0 pedestrian 0 823.40 789.57 831.47 822.38
2139 1 pedestrian 0 821.60 789.53 829.14 822.43
2140 0 pedestrian 0 820.00 788.78 827.82 821.76
2141 1 pedestrian 0 818.40 788.03 826.50 821.10
2142 0 pedestrian 0 816.71 787.61 825.13 820.97
2143 0 pedestrian 0 815.02 787.19 823.76 820.84
2144 0 pedestrian 0 813.33 786.77 822.40 820.72
2145 0 pedestrian 0 811.64 786.35 821.03 820.59
2146 1 pedestrian 0 809.95 785.93 819.66 820.46
2147 0 pedestrian 0 808.96 787.11 818.67 821.93
2148 0 pedestrian 0 807.98 788.28 817.67 823.39
2149 1 pedestrian 0 806.99 789.46 816.68 824.86
2150 0 pedestrian 0 806.17 789.47 815.86 825.16
2151 1 pedestrian 0 805.36 789.48 815.03 825.47
2152 0 pedestrian 0 802.71 789.04 812.38 825.32
2153 0 pedestrian 0 800.07 788.59 809.72 825.16
2154 1 pedestrian 0 797.42 788.15 807.07 825.01
2155 0 pedestrian 0 796.69 787.70 806.34 824.86
2156 1 pedestrian 0 795.96 787.26 805.60 824.70
2157 0 pedestrian 0 794.28 787.11 804.15 824.84
2158 0 pedestrian 0 792.60 786.96 802.69 824.98
2159 0 pedestrian 0 790.91 786.81 801.24 825.13
2160 0 pedestrian 0 789.23 786.66 799.78 825.27
2161 1 pedestrian 0 787.55 786.51 798.33 825.41
2162 0 pedestrian 0 785.87 785.97 796.71 825.16
2163 0 pedestrian 0 784.20 785.43 795.09 824.92
2164 0 pedestrian 0 782.52 784.90 793.46 824.67
2165 0 pedestrian 0 780.85 784.36 791.84 824.43
2166 1 pedestrian 0 779.17 783.82 790.22 824.18
2167 0 pedestrian 0 777.45 782.93 788.55 823.58
2168 0 pedestrian 0 775.73 782.05 786.88 822.99
2169 1 pedestrian 0 774.01 781.16 785.21 822.39
2170 0 pedestrian 0 772.16 781.11 783.42 822.63
2171 1 pedestrian 0 770.32 781.06 781.63 822.87
2172 0 pedestrian 0 768.28 780.33 779.65 822.43
2173 0 pedestrian 0 766.25 779.60 777.66 821.99
2174 1 pedestrian 0 764.21 778.87 775.68 821.55
2175 0 pedestrian 0 762.54 779.45 774.05 822.43
2176 1 pedestrian 0 760.86 780.04 772.43 823.31
2177 0 pedestrian 0 758.84 779.67 770.46 823.23
2178 0 pedestrian 0 756.82 779.30 768.50 823.16
2179 0 pedestrian 0 754.81 778.94 766.53 823.08
2180 0 pedestrian 0 752.79 778.57 764.57 823.01
2181 1 pedestrian 0 750.77 778.20 762.60 822.93
2182 0 pedestrian 0 748.48 778.25 760.37 823.27
2183 0 pedestrian 0 746.20 778.30 758.13 823.61
2184 1 pedestrian 0 743.91 778.35 755.90 823.95
2185 0 pedestrian 0 741.62 779.60 753.66 825.49
2186 1 pedestrian 0 739.34 780.85 751.43 827.03
2187 0 pedestrian 0 737.61 780.79 749.66 827.43
2188 1 pedestrian 0 735.88 780.72 747.89 827.83
2189 0 pedestrian 0 733.48 782.21 746.05 830.25
2190 1 pedestrian 0 731.07 783.70 744.20 832.67
2191 1 pedestrian 0 727.80 783.00 740.70 832.27
2192 0 pedestrian 0 726.04 782.65 738.70 832.24
2193 0 pedestrian 0 724.27 782.30 736.70 832.20
2194 0 pedestrian 0 722.51 781.95 734.70 832.17
2195 0 pedestrian 0 720.74 781.60 732.70 832.13
2196 1 pedestrian 0 718.98 781.25 730.70 832.10
2197 0 pedestrian 0 716.37 781.31 729.25 832.75
2198 1 pedestrian 0 713.75 781.37 727.80 833.40
2199 1 pedestrian 0 711.14 781.43 725.20 834.05
2200 0 pedestrian 0 708.52 780.63 722.62 833.84
2201 1 pedestrian 0 705.91 779.83 720.05 833.62
2202 0 pedestrian 0 704.45 777.59 718.73 831.89
2203 1 pedestrian 0 703.00 775.35 717.41 830.16
2204 1 pedestrian 0 702.58 774.41 717.13 829.72
2205 0 pedestrian 0 698.88 774.04 713.57 829.86
2206 1 pedestrian 0 695.18 773.67 710.00 830.00
2207 1 pedestrian 1 695.79 775.48 710.61 831.81
2208 1 pedestrian 1 695.01 782.83 709.83 839.16
2209 1 pedestrian 1 689.31 790.08 704.13 846.42
2210 1 pedestrian 1 688.79 797.86 703.61 854.19
2211 0 pedestrian 1 687.91 800.80 702.74 857.12
2212 1 pedestrian 1 687.04 803.73 701.86 860.06
2213 1 pedestrian 1 683.83 803.81 698.65 860.14
2214 1 pedestrian 1 681.26 800.73 696.08 857.06
2215 1 pedestrian 1 679.80 794.75 694.62 851.08
2216 1 pedestrian 1 676.18 784.21 691.00 840.54
2217 0 pedestrian 1 674.42 778.09 689.24 835.29
2218 0 pedestrian 1 672.65 771.97 687.47 830.04
2219 0 pedestrian 1 670.89 765.86 685.71 824.80
2220 0 pedestrian 1 669.12 759.74 683.94 819.55
2221 1 pedestrian 1 667.36 753.62 682.18 814.30
2222 0 pedestrian 1 664.91 758.22 679.73 818.90
2223 0 pedestrian 1 662.45 762.81 677.27 823.49
2224 0 pedestrian 1 660.00 767.41 674.82 828.09
2225 0 pedestrian 1 657.54 772.00 672.36 832.68
2226 1 pedestrian 1 655.09 776.60 669.91 837.28
2227 0 pedestrian 1 651.18 775.41 666.00 836.54
2228 1 pedestrian 1 647.27 774.22 662.08 835.80
2229 1 pedestrian 1 645.94 772.16 660.76 837.10
2230 1 pedestrian 1 640.13 768.38 654.95 830.87
2231 0 pedestrian 1 636.61 767.88 651.42 830.82
2232 1 pedestrian 1 633.08 767.38 647.89 830.77
2233 0 pedestrian 1 628.91 768.43 643.72 832.28
2234 0 pedestrian 1 624.74 769.49 639.55 833.78
2235 0 pedestrian 1 620.56 770.54 635.37 835.29
2236 1 pedestrian 1 616.39 771.59 631.20 836.80
2237 0 pedestrian 1 610.79 773.32 626.36 841.60
2238 0 pedestrian 1 605.19 775.05 621.52 846.40
2239 0 pedestrian 1 599.59 776.77 616.68 851.20
2240 0 pedestrian 1 593.99 778.50 611.84 856.00
2241 1 pedestrian 1 588.39 780.23 607.00 860.80
2242 1 pedestrian 1 581.13 781.62 602.20 863.90
2243 1 pedestrian 1 574.05 781.62 595.11 865.50
2244 1 pedestrian 1 565.24 781.27 586.30 865.15
2245 1 pedestrian 0 559.20 779.54 584.10 866.70
2246 0 pedestrian 0 553.96 775.98 578.34 864.63
2247 1 pedestrian 0 548.71 772.43 572.58 862.57
2248 0 pedestrian 0 539.05 766.58 564.15 858.21
2249 1 pedestrian 0 529.39 760.73 555.73 853.85
2250 1 pedestrian 0 522.22 755.50 549.80 850.11
2251 0 pedestrian 0 513.72 750.90 541.30 847.28
2252 1 pedestrian 0 505.22 746.31 532.80 844.45
2253 1 pedestrian 0 497.26 745.48 524.84 845.38
2254 0 pedestrian 0 487.45 744.53 515.03 846.19
2255 1 pedestrian 0 477.64 743.58 505.22 847.00
2256 1 pedestrian 0 470.04 745.13 497.61 848.55
2257 1 pedestrian 1 461.74 746.17 489.32 849.59
2258 1 pedestrian 1 453.45 745.48 481.02 848.90
2259 0 pedestrian 1 441.71 742.85 469.50 848.96
2260 0 pedestrian 1 429.98 740.22 457.98 849.02
2261 0 pedestrian 1 418.25 737.60 446.45 849.08
2262 0 pedestrian 1 406.51 734.97 434.93 849.14
2263 0 pedestrian 1 394.77 732.34 423.41 849.20
2264 0 pedestrian 1 383.04 729.71 411.89 849.26
2265 0 pedestrian 1 371.31 727.08 400.37 849.32
2266 0 pedestrian 1 359.57 724.46 388.84 849.38
2267 0 pedestrian 1 347.84 721.83 377.32 849.44
2268 1 pedestrian 1 336.10 719.20 365.80 849.50
2269 1 pedestrian 0 316.09 717.10 353.00 847.10
2270 0 pedestrian 0 299.67 713.96 337.42 846.74
2271 0 pedestrian 0 283.25 710.82 321.84 846.38
2272 0 pedestrian 0 266.82 707.68 306.26 846.03
2273 0 pedestrian 0 250.40 704.54 290.68 845.67
2274 1 pedestrian 0 233.98 701.40 275.10 845.31
2275 0 pedestrian 0 218.16 698.07 259.76 845.62
2276 1 pedestrian 0 202.35 694.73 244.42 845.93
2277 0 pedestrian 0 182.67 689.32 225.21 844.16
2278 0 pedestrian 0 162.98 683.90 206.00 842.40
2279 1 pedestrian 0 143.30 678.49 186.79 840.63
2280 0 pedestrian 0 122.68 673.81 166.53 839.66
2281 0 pedestrian 0 102.06 669.13 146.27 838.68
2282 0 pedestrian 0 81.43 664.46 126.02 837.71
2283 0 pedestrian 0 60.81 659.78 105.76 836.73
2284 1 pedestrian 0 40.19 655.10 85.50 835.76
2285 1 pedestrian 0 17.19 645.80 62.51 838.74
2286 1 pedestrian 0 0.00 640.12 40.41 833.07
2287 1 pedestrian 1 0.00 639.83 9.96 832.77
2288 1 pedestrian 1 0.00 639.83 9.96 832.77
