1674 1 pedestrian 1 1083.12 740.66 1106.60 804.70
1675 0 pedestrian 1 1083.28 741.45 1106.76 805.49
1676 0 pedestrian 1 1083.44 742.25 1106.91 806.29
1677 0 pedestrian 1 1083.60 743.04 1107.07 807.08
1678 1 pedestrian 1 1083.76 743.83 1107.23 807.87
1679 0 pedestrian 1 1084.55 744.78 1108.03 808.82
1680 0 pedestrian 1 1085.35 745.74 1108.82 809.77
1681 0 pedestrian 1 1086.14 746.69 1109.62 810.73
1682 1 pedestrian 1 1086.93 747.64 1110.41 811.68
1683 0 pedestrian 1 1086.93 748.43 1110.41 812.47
1684 0 pedestrian 1 1086.93 749.22 1110.41 813.26
1685 0 pedestrian 1 1086.93 750.02 1110.41 814.06
1686 1 pedestrian 0 1086.93 750.81 1110.41 814.85
1687 0 pedestrian 0 1087.78 750.70 1111.26 814.75
1688 0 pedestrian 0 1088.62 750.60 1112.10 814.64
1689 0 pedestrian 0 1089.47 750.49 1112.95 814.54
1690 0 pedestrian 0 1090.32 750.39 1113.79 814.43
1691 0 pedestrian 0 1091.16 750.28 1114.63 814.33
1692 1 pedestrian 0 1092.01 750.18 1115.48 814.22
1693 0 pedestrian 0 1092.33 749.70 1116.29 815.01
1694 0 pedestrian 0 1092.64 749.22 1117.09 815.81
1695 0 pedestrian 0 1092.96 748.75 1117.89 816.61
1696 1 pedestrian 0 1093.28 748.27 1118.70 817.40
1697 0 pedestrian 0 1094.17 747.51 1119.84 817.52
1698 0 pedestrian 0 1095.06 746.75 1120.98 817.64
1699 0 pedestrian 0 1095.94 745.98 1122.12 817.76
1700 0 pedestrian 0 1096.83 745.22 1123.26 817.88
1701 1 pedestrian 0 1097.72 744.46 1124.40 818.00
1702 0 pedestrian 0 1098.51 741.92 1125.68 816.73
1703 0 pedestrian 0 1099.31 739.38 1126.95 815.45
1704 0 pedestrian 0 1100.10 736.85 1128.22 814.17
1705 1 pedestrian 0 1100.89 734.31 1129.50 812.90
1706 0 pedestrian 0 1101.27 732.53 1130.26 811.88
1707 0 pedestrian 0 1101.65 730.76 1131.02 810.86
1708 0 pedestrian 0 1102.04 728.98 1131.78 809.84
1709 0 pedestrian 0 1102.42 727.21 1132.54 808.82
1710 1 pedestrian 0 1102.80 725.43 1133.30 807.80
1711 0 pedestrian 0 1104.86 724.16 1135.36 806.53
1712 0 pedestrian 0 1106.92 722.89 1137.42 805.26
1713 0 pedestrian 0 1108.98 721.62 1139.49 803.99
1714 1 pedestrian 0 1111.04 720.35 1141.55 802.72
1715 0 pedestrian 0 1112.06 720.73 1143.20 803.74
1716 0 pedestrian 0 1113.07 721.11 1144.85 804.75
1717 0 pedestrian 0 1114.09 721.49 1146.50 805.77
1718 0 pedestrian 0 1115.10 721.87 1148.15 806.78
1719 1 pedestrian 0 1116.12 722.25 1149.80 807.80
1720 0 pedestrian 0 1117.07 722.09 1151.55 808.27
1721 0 pedestrian 0 1118.03 721.93 1153.30 808.75
1722 0 pedestrian 0 1118.98 721.78 1155.05 809.23
1723 1 pedestrian 0 1119.93 721.62 1156.80 809.70
1724 0 pedestrian 0 1121.71 721.62 1159.72 810.72
1725 0 pedestrian 0 1123.48 721.62 1162.64 811.74
1726 0 pedestrian 0 1125.26 721.62 1165.56 812.76
1727 0 pedestrian 0 1127.03 721.62 1168.48 813.78
1728 1 pedestrian 0 1128.81 721.62 1171.40 814.80
1729 0 pedestrian 0 1130.84 721.62 1173.94 815.82
1730 0 pedestrian 0 1132.87 721.62 1176.48 816.84
1731 0 pedestrian 0 1134.90 721.62 1179.02 817.86
1732 0 pedestrian 0 1136.93 721.62 1181.56 818.88
1733 1 pedestrian 0 1138.96 721.62 1184.10 819.90
1734 0 pedestrian 0 1141.50 721.46 1186.80 820.05
1735 0 pedestrian 0 1144.04 721.30 1189.50 820.20
1736 0 pedestrian 0 1146.58 721.14 1192.20 820.35
1737 1 pedestrian 0 1149.12 720.98 1194.90 820.50
1738 0 pedestrian 0 1153.43 720.22 1198.70 820.88
1739 0 pedestrian 0 1157.75 719.46 1202.50 821.26
1740 0 pedestrian 0 1162.06 718.70 1206.30 821.64
1741 0 pedestrian 0 1166.38 717.94 1210.10 822.02
1742 1 pedestrian 0 1170.69 717.18 1213.90 822.40
1743 0 pedestrian 0 1174.65 716.54 1217.70 823.50
1744 0 pedestrian 0 1178.62 715.91 1221.50 824.60
1745 0 pedestrian 0 1182.59 715.27 1225.30 825.70
1746 1 pedestrian 0 1186.55 714.64 1229.10 826.80
1747 0 pedestrian 0 1189.41 714.64 1233.55 827.12
1748 0 pedestrian 0 1192.28 714.64 1238.00 827.45
1749 0 pedestrian 0 1195.14 714.64 1242.45 827.77
1750 1 pedestrian 0 1198.00 714.64 1246.90 828.10
1751 0 pedestrian 0 1203.08 714.48 1251.65 829.38
1752 0 pedestrian 0 1208.15 714.32 1256.40 830.65
1753 0 pedestrian 0 1213.22 714.16 1261.15 831.93
1754 1 pedestrian 0 1218.30 714.00 1265.90 833.20
1755 0 pedestrian 0 1222.86 714.13 1270.08 835.36
1756 0 pedestrian 0 1227.42 714.26 1274.26 837.52
1757 0 pedestrian 0 1231.98 714.38 1278.44 839.68
1758 0 pedestrian 0 1236.54 714.51 1282.62 841.84
1759 1 pedestrian 0 1241.10 714.64 1286.80 844.00
1760 0 pedestrian 0 1246.02 714.48 1293.62 845.42
1761 0 pedestrian 0 1250.93 714.32 1300.45 846.85
1762 0 pedestrian 0 1255.85 714.16 1307.27 848.28
1763 1 pedestrian 0 1260.77 714.00 1314.10 849.70
1764 0 pedestrian 0 1267.08 714.13 1320.44 850.94
1765 0 pedestrian 0 1273.38 714.26 1326.78 852.18
1766 0 pedestrian 0 1279.69 714.38 1333.12 853.42
1767 0 pedestrian 0 1285.99 714.51 1339.46 854.66
1768 1 pedestrian 0 1292.30 714.64 1345.80 855.90
1769 0 pedestrian 0 1299.77 713.56 1355.32 858.57
1770 0 pedestrian 0 1307.24 712.48 1364.84 861.24
1771 0 pedestrian 0 1314.71 711.40 1374.36 863.91
1772 0 pedestrian 0 1322.18 710.32 1383.88 866.58
1773 0 pedestrian 0 1329.65 709.25 1393.40 869.25
1774 0 pedestrian 0 1337.12 708.17 1402.92 871.92
1775 0 pedestrian 0 1344.59 707.09 1412.44 874.59
1776 0 pedestrian 0 1352.06 706.01 1421.96 877.26
1777 0 pedestrian 0 1359.53 704.93 1431.48 879.93
1778 1 pedestrian 0 1367.00 703.85 1441.00 882.60
1779 0 pedestrian 0 1377.58 701.76 1453.75 884.25
1780 0 pedestrian 0 1388.16 699.66 1466.50 885.90
1781 0 pedestrian 0 1398.74 697.57 1479.25 887.55
1782 0 pedestrian 0 1409.32 695.47 1492.00 889.20
1783 0 pedestrian 0 1419.90 693.38 1504.75 890.85
1784 0 pedestrian 0 1430.48 691.29 1517.50 892.50
1785 0 pedestrian 0 1441.06 689.19 1530.25 894.15
1786 0 pedestrian 0 1451.64 687.10 1543.00 895.80
1787 0 pedestrian 0 1462.22 685.00 1555.75 897.45
1788 1 pedestrian 0 1472.80 682.91 1568.50 899.10
1789 0 pedestrian 0 1484.63 680.58 1585.83 902.07
1790 0 pedestrian 0 1496.47 678.26 1603.17 905.03
1791 1 pedestrian 0 1508.30 675.93 1620.50 908.00
1792 0 pedestrian 0 1525.91 673.23 1639.53 911.02
1793 0 pedestrian 0 1543.52 670.53 1658.55 914.05
1794 0 pedestrian 0 1561.13 667.84 1677.57 917.08
1795 1 pedestrian 0 1578.74 665.14 1696.60 920.10
1796 0 pedestrian 0 1595.66 661.76 1716.90 926.03
1797 0 pedestrian 0 1612.58 658.37 1737.20 931.97
1798 1 pedestrian 0 1629.50 654.99 1757.50 937.90
1799 0 pedestrian 0 1652.77 650.34 1783.10 942.97
1800 0 pedestrian 0 1676.03 645.68 1808.70 948.03
1801 1 pedestrian 0 1699.30 641.03 1834.30 953.10
1802 0 pedestrian 0 1724.20 636.27 1855.53 956.90
1803 0 pedestrian 0 1749.11 631.51 1876.75 960.70
1804 0 pedestrian 0 1774.02 626.75 1897.97 964.50
1805 1 pedestrian 0 1798.92 621.99 1919.20 968.30
1806 1 pedestrian 1 1818.59 630.24 1920.00 976.55
1807 1 pedestrian 1 1818.59 630.24 1920.00 976.55
