1359 1 pedestrian 1 1353.01 710.22 1390.90 831.80
1360 1 pedestrian 1 1353.01 710.22 1391.62 832.23
1361 0 pedestrian 1 1353.01 710.22 1392.34 832.65
1362 0 pedestrian 1 1353.01 710.22 1393.05 833.08
1363 0 pedestrian 1 1353.01 710.22 1393.77 833.51
1364 0 pedestrian 1 1353.01 710.22 1394.49 833.94
1365 0 pedestrian 1 1353.01 710.22 1395.21 834.36
1366 0 pedestrian 1 1353.01 710.22 1395.93 834.79
1367 0 pedestrian 1 1353.01 710.22 1396.65 835.22
1368 0 pedestrian 1 1353.01 710.22 1397.36 835.65
1369 1 pedestrian 1 1353.01 710.22 1398.08 836.07
1370 1 pedestrian 0 1353.01 710.22 1398.80 836.50
1371 0 pedestrian 0 1352.38 709.59 1398.80 836.97
1372 0 pedestrian 0 1351.75 708.96 1398.80 837.44
1373 0 pedestrian 0 1351.12 708.32 1398.80 837.91
1374 0 pedestrian 0 1350.49 707.69 1398.80 838.38
1375 0 pedestrian 0 1349.86 707.06 1398.80 838.85
1376 0 pedestrian 0 1349.22 706.43 1398.80 839.32
1377 0 pedestrian 0 1348.59 705.80 1398.80 839.79
1378 0 pedestrian 0 1347.96 705.16 1398.80 840.26
1379 0 pedestrian 0 1347.33 704.53 1398.80 840.73
1380 1 pedestrian 0 1346.70 703.90 1398.80 841.20
1381 1 pedestrian 0 1347.33 704.37 1400.69 842.15
1382 0 pedestrian 0 1347.96 704.85 1402.58 843.10
1383 0 pedestrian 0 1348.59 705.32 1404.47 844.05
1384 0 pedestrian 0 1349.22 705.80 1406.36 845.00
1385 0 pedestrian 0 1349.86 706.27 1408.25 845.95
1386 0 pedestrian 0 1350.49 706.74 1410.14 846.90
1387 0 pedestrian 0 1351.12 707.22 1412.03 847.85
1388 0 pedestrian 0 1351.75 707.69 1413.92 848.80
1389 0 pedestrian 0 1352.38 708.17 1415.81 849.75
1390 1 pedestrian 0 1353.01 708.64 1417.70 850.70
1391 0 pedestrian 0 1353.01 708.38 1417.70 851.58
1392 0 pedestrian 0 1353.01 708.11 1417.70 852.47
1393 0 pedestrian 0 1353.01 707.85 1417.70 853.35
1394 0 pedestrian 0 1353.01 707.59 1417.70 854.23
1395 0 pedestrian 0 1353.01 707.32 1417.70 855.12
1396 1 pedestrian 0 1353.01 707.06 1417.70 856.00
1397 0 pedestrian 0 1354.33 707.06 1416.55 856.00
1398 0 pedestrian 0 1355.64 707.06 1415.40 856.00
1399 0 pedestrian 0 1356.95 707.06 1414.25 856.00
1400 0 pedestrian 0 1358.27 707.06 1413.10 856.00
1401 0 pedestrian 0 1359.59 707.06 1411.95 856.00
1402 1 pedestrian 0 1360.90 707.06 1410.80 856.00
1403 0 pedestrian 0 1358.57 707.06 1411.76 857.48
1404 0 pedestrian 0 1356.25 707.06 1412.72 858.96
1405 1 pedestrian 0 1353.92 707.06 1413.68 860.44
1406 1 pedestrian 0 1351.60 707.06 1414.64 861.92
1407 1 pedestrian 0 1349.27 707.06 1415.60 863.40
1408 0 pedestrian 0 1349.27 707.06 1419.17 865.25
1409 0 pedestrian 0 1349.27 707.06 1422.75 867.10
1410 0 pedestrian 0 1349.27 707.06 1426.33 868.95
1411 1 pedestrian 0 1349.27 707.06 1429.90 870.80
1412 0 pedestrian 0 1349.53 707.59 1431.88 872.52
1413 0 pedestrian 0 1349.80 708.12 1433.85 874.25
1414 0 pedestrian 0 1350.06 708.65 1435.83 875.98
1415 1 pedestrian 0 1350.32 709.18 1437.80 877.70
1416 0 pedestrian 0 1352.23 708.33 1435.54 879.08
1417 0 pedestrian 0 1354.14 707.49 1433.28 880.46
1418 0 pedestrian 0 1356.05 706.64 1431.02 881.84
1419 0 pedestrian 0 1357.96 705.80 1428.76 883.22
1420 1 pedestrian 0 1359.87 704.95 1426.50 884.60
1421 0 pedestrian 0 1356.30 704.55 1425.45 884.48
1422 0 pedestrian 0 1352.73 704.15 1424.40 884.35
1423 0 pedestrian 0 1349.16 703.76 1423.35 884.23
1424 1 pedestrian 0 1345.59 703.36 1422.30 884.10
1425 0 pedestrian 0 1342.42 703.27 1425.22 885.68
1426 0 pedestrian 0 1339.25 703.18 1428.13 887.27
1427 0 pedestrian 0 1336.07 703.10 1431.05 888.85
1428 0 pedestrian 0 1332.90 703.01 1433.97 890.43
1429 0 pedestrian 0 1329.73 702.92 1436.88 892.02
1430 1 pedestrian 0 1326.56 702.83 1439.80 893.60
1431 0 pedestrian 0 1328.85 701.77 1437.30 894.03
1432 0 pedestrian 0 1331.14 700.71 1434.80 894.47
1433 0 pedestrian 0 1333.43 699.65 1432.30 894.90
1434 0 pedestrian 0 1335.73 698.60 1429.80 895.33
1435 0 pedestrian 0 1338.02 697.54 1427.30 895.77
1436 1 pedestrian 0 1340.31 696.48 1424.80 896.20
1437 0 pedestrian 0 1337.05 696.22 1422.07 898.40
1438 0 pedestrian 0 1333.79 695.95 1419.33 900.60
1439 0 pedestrian 0 1330.53 695.69 1416.60 902.80
1440 0 pedestrian 0 1327.26 695.43 1413.87 905.00
1441 0 pedestrian 0 1324.00 695.16 1411.13 907.20
1442 1 pedestrian 0 1320.74 694.90 1408.40 909.40
1443 0 pedestrian 0 1314.53 695.69 1410.78 911.38
1444 0 pedestrian 0 1308.32 696.49 1413.15 913.35
1445 1 pedestrian 0 1302.10 697.28 1415.53 915.33
1446 1 pedestrian 0 1295.89 698.07 1417.90 917.30
1447 0 pedestrian 0 1297.74 697.81 1416.93 918.62
1448 0 pedestrian 0 1299.59 697.54 1415.95 919.95
1449 0 pedestrian 0 1301.44 697.27 1414.97 921.27
1450 1 pedestrian 0 1303.29 697.01 1414.00 922.60
1451 0 pedestrian 0 1302.50 694.63 1404.47 925.25
1452 0 pedestrian 0 1301.70 692.25 1394.95 927.90
1453 0 pedestrian 0 1300.91 689.88 1385.43 930.55
1454 1 pedestrian 0 1300.12 687.50 1375.90 933.20
1455 1 pedestrian 0 1291.13 687.10 1375.62 933.33
1456 0 pedestrian 0 1282.14 686.70 1375.35 933.45
1457 0 pedestrian 0 1273.15 686.31 1375.08 933.58
1458 1 pedestrian 0 1264.16 685.91 1374.80 933.70
1459 0 pedestrian 0 1256.97 686.76 1376.50 935.40
1460 0 pedestrian 0 1249.78 687.60 1378.20 937.10
1461 0 pedestrian 0 1242.58 688.45 1379.90 938.80
1462 0 pedestrian 0 1235.39 689.29 1381.60 940.50
1463 1 pedestrian 0 1228.20 690.14 1383.30 942.20
1464 0 pedestrian 0 1228.73 690.27 1379.95 942.33
1465 0 pedestrian 0 1229.26 690.40 1376.60 942.47
1466 0 pedestrian 0 1229.79 690.54 1373.25 942.60
1467 1 pedestrian 0 1230.32 690.67 1369.90 942.73
1468 0 pedestrian 0 1227.54 689.21 1353.60 944.85
1469 0 pedestrian 0 1224.76 687.76 1337.30 946.97
1470 0 pedestrian 0 1221.99 686.31 1321.00 949.08
1471 1 pedestrian 0 1219.21 684.85 1304.70 951.20
1472 0 pedestrian 0 1205.86 684.59 1303.65 952.40
1473 0 pedestrian 0 1192.51 684.33 1302.60 953.60
1474 0 pedestrian 0 1179.16 684.06 1301.55 954.80
1475 1 pedestrian 0 1165.81 683.80 1300.50 956.00
1476 0 pedestrian 0 1158.83 685.39 1298.92 958.22
1477 0 pedestrian 0 1151.85 686.97 1297.34 960.44
1478 0 pedestrian 0 1144.87 688.56 1295.76 962.66
1479 0 pedestrian 0 1137.89 690.14 1294.18 964.88
1480 1 pedestrian 0 1130.91 691.73 1292.60 967.10
1481 0 pedestrian 0 1129.32 688.56 1279.90 968.15
1482 0 pedestrian 0 1127.74 685.38 1267.20 969.20
1483 0 pedestrian 0 1126.15 682.21 1254.50 970.25
1484 1 pedestrian 0 1124.56 679.04 1241.80 971.30
1485 0 pedestrian 0 1116.50 678.51 1230.53 973.02
1486 0 pedestrian 0 1108.43 677.98 1219.25 974.75
1487 0 pedestrian 0 1100.37 677.45 1207.97 976.48
1488 1 pedestrian 0 1092.31 676.92 1196.70 978.20
1489 0 pedestrian 0 1072.04 678.15 1195.47 977.83
1490 0 pedestrian 0 1051.77 679.37 1194.23 977.47
1491 1 pedestrian 0 1031.50 680.60 1193.00 977.10
1492 0 pedestrian 0 1023.83 680.60 1192.35 978.30
1493 0 pedestrian 0 1016.16 680.60 1191.70 979.50
1494 0 pedestrian 0 1008.50 680.60 1191.05 980.70
1495 1 pedestrian 0 1000.83 680.60 1190.40 981.90
1496 0 pedestrian 0 1000.30 679.14 1176.78 980.44
1497 0 pedestrian 0 999.77 677.69 1163.15 978.99
1498 0 pedestrian 0 999.24 676.24 1149.53 977.54
1499 1 pedestrian 0 998.71 674.78 1135.90 976.08
1500 0 pedestrian 0 989.99 674.78 1119.20 976.61
1501 0 pedestrian 0 981.26 674.78 1102.50 977.14
1502 0 pedestrian 0 972.53 674.78 1085.80 977.67
1503 1 pedestrian 0 963.81 674.78 1069.10 978.20
1504 0 pedestrian 0 943.85 675.44 1066.45 978.43
1505 0 pedestrian 0 923.88 676.11 1063.80 978.65
1506 0 pedestrian 0 903.92 676.77 1061.15 978.88
1507 1 pedestrian 0 883.96 677.43 1058.50 979.10
1508 0 pedestrian 0 879.20 677.32 1053.74 978.99
1509 0 pedestrian 0 874.44 677.22 1048.98 978.89
1510 0 pedestrian 0 869.69 677.11 1044.23 978.78
1511 0 pedestrian 0 864.93 677.01 1039.47 978.68
1512 1 pedestrian 0 860.17 676.90 1034.71 978.57
1513 0 pedestrian 0 855.81 675.71 1016.46 979.50
1514 0 pedestrian 0 851.44 674.52 998.21 980.43
1515 0 pedestrian 0 847.08 673.33 979.95 981.37
1516 1 pedestrian 0 842.72 672.14 961.70 982.30
1517 0 pedestrian 0 831.09 671.22 951.93 982.42
1518 0 pedestrian 0 819.45 670.29 942.15 982.55
1519 0 pedestrian 0 807.81 669.37 932.38 982.67
1520 1 pedestrian 0 796.18 668.44 922.60 982.80
1521 0 pedestrian 0 781.48 668.76 919.64 983.96
1522 0 pedestrian 0 766.78 669.07 916.68 985.12
1523 0 pedestrian 0 752.08 669.39 913.72 986.28
1524 0 pedestrian 0 737.38 669.70 910.76 987.44
1525 1 pedestrian 0 722.68 670.02 907.80 988.60
1526 0 pedestrian 0 722.68 668.57 894.40 986.05
1527 0 pedestrian 0 722.68 667.12 881.00 983.50
1528 0 pedestrian 0 722.68 665.66 867.60 980.95
1529 1 pedestrian 0 722.68 664.21 854.20 978.40
1530 0 pedestrian 0 713.43 663.42 837.68 977.60
1531 0 pedestrian 0 704.17 662.62 821.15 976.80
1532 0 pedestrian 0 694.92 661.83 804.62 976.00
1533 1 pedestrian 0 685.67 661.04 788.10 975.20
1534 0 pedestrian 0 668.08 662.51 785.98 974.88
1535 0 pedestrian 0 650.48 663.98 783.86 974.56
1536 0 pedestrian 0 632.89 665.46 781.74 974.24
1537 0 pedestrian 0 615.29 666.93 779.62 973.92
1538 1 pedestrian 0 597.70 668.40 777.50 973.60
1539 0 pedestrian 0 595.27 668.51 771.78 973.71
1540 0 pedestrian 0 592.84 668.61 766.06 973.81
1541 0 pedestrian 0 590.40 668.72 760.34 973.92
1542 0 pedestrian 0 587.97 668.82 754.62 974.02
1543 1 pedestrian 0 585.54 668.93 748.90 974.13
1544 0 pedestrian 0 580.52 667.34 727.58 973.60
1545 0 pedestrian 0 575.50 665.75 706.25 973.07
1546 0 pedestrian 0 570.47 664.17 684.92 972.53
1547 1 pedestrian 0 565.45 662.58 663.60 972.00
1548 0 pedestrian 0 552.36 662.19 654.08 973.45
1549 0 pedestrian 0 539.28 661.79 644.55 974.90
1550 0 pedestrian 0 526.19 661.39 635.02 976.35
1551 1 pedestrian 0 513.10 661.00 625.50 977.80
1552 0 pedestrian 0 500.09 662.06 622.44 979.06
1553 0 pedestrian 0 487.08 663.12 619.38 980.32
1554 0 pedestrian 0 474.07 664.17 616.32 981.58
1555 0 pedestrian 0 461.06 665.23 613.26 982.84
1556 1 pedestrian 0 448.05 666.29 610.20 984.10
1557 0 pedestrian 0 442.63 665.89 595.88 984.10
1558 0 pedestrian 0 437.22 665.50 581.55 984.10
1559 0 pedestrian 0 431.80 665.10 567.23 984.10
1560 1 pedestrian 0 426.38 664.70 552.90 984.10
1561 0 pedestrian 0 414.85 663.43 536.58 983.88
1562 0 pedestrian 0 403.32 662.16 520.26 983.66
1563 0 pedestrian 0 391.80 660.90 503.94 983.44
1564 0 pedestrian 0 380.27 659.63 487.62 983.22
1565 1 pedestrian 0 368.74 658.36 471.30 983.00
1566 0 pedestrian 0 348.38 659.14 465.35 982.20
1567 0 pedestrian 0 328.02 659.93 459.40 981.40
1568 0 pedestrian 0 307.66 660.72 453.45 980.60
1569 1 pedestrian 0 287.30 661.50 447.50 979.80
1570 0 pedestrian 0 281.59 662.64 441.79 980.94
1571 1 pedestrian 0 275.88 663.78 436.08 982.08
1572 0 pedestrian 0 264.71 663.02 422.62 982.85
1573 0 pedestrian 0 253.55 662.26 409.16 983.63
1574 1 pedestrian 0 242.38 661.50 395.70 984.40
1575 0 pedestrian 0 229.94 657.95 365.17 984.40
1576 0 pedestrian 0 217.51 654.39 334.63 984.40
1577 1 pedestrian 0 205.07 650.84 304.10 984.40
1578 0 pedestrian 0 189.33 648.55 288.36 982.12
1579 0 pedestrian 0 173.60 646.27 272.63 979.83
1580 1 pedestrian 0 157.86 643.98 256.89 977.55
1581 0 pedestrian 0 141.11 645.50 244.34 981.38
1582 1 pedestrian 0 124.35 647.03 231.80 985.20
1583 0 pedestrian 0 108.36 648.81 220.63 986.97
1584 0 pedestrian 0 92.37 650.58 209.47 988.73
1585 1 pedestrian 0 76.38 652.36 198.30 990.50
1586 0 pedestrian 0 60.64 651.60 181.80 987.90
1587 0 pedestrian 0 44.91 650.84 165.30 985.30
1588 1 pedestrian 0 29.17 650.08 148.80 982.70
1589 0 pedestrian 0 20.80 643.61 132.35 977.75
1590 1 pedestrian 0 12.42 637.13 115.90 972.80
1591 1 pedestrian 0 0.00 631.65 100.05 974.19
1592 1 pedestrian 0 0.00 627.99 91.50 977.40
1593 0 pedestrian 0 0.00 625.71 69.40 977.00
1594 1 pedestrian 1 0.00 623.43 47.30 976.60
1595 1 pedestrian 1 0.00 622.66 38.16 975.84
1596 1 pedestrian 1 0.00 622.66 38.16 975.84
