1013 1 pedestrian 0 916.82 793.32 929.18 847.11
1014 1 pedestrian 0 920.92 792.10 933.54 850.51
1015 0 pedestrian 0 924.42 796.04 937.32 853.90
1016 1 pedestrian 0 927.93 799.98 941.09 857.30
1017 1 pedestrian 0 931.44 802.09 946.40 858.50
1018 1 pedestrian 0 937.30 807.86 951.00 864.10
1019 1 pedestrian 0 942.08 813.10 954.54 868.25
1020 1 pedestrian 0 943.12 815.67 957.10 871.60
1021 1 pedestrian 0 946.29 818.38 961.30 874.70
1022 0 pedestrian 0 949.46 821.09 963.82 877.52
1023 1 pedestrian 0 952.64 823.80 966.34 880.33
1024 1 pedestrian 0 954.76 826.00 969.20 883.60
1025 0 pedestrian 0 958.85 826.31 974.10 884.32
1026 0 pedestrian 0 962.95 826.62 979.00 885.04
1027 1 pedestrian 0 967.04 826.93 983.90 885.76
1028 1 pedestrian 0 970.16 829.82 987.14 889.05
1029 1 pedestrian 0 975.22 827.55 992.30 887.20
1030 1 pedestrian 0 979.98 828.27 998.30 887.91
1031 0 pedestrian 0 984.37 826.78 1002.38 886.42
1032 1 pedestrian 0 988.75 825.29 1006.45 884.94
1033 1 pedestrian 0 993.13 826.17 1010.52 885.81
1034 1 pedestrian 0 999.01 831.11 1016.09 890.76
1035 1 pedestrian 0 1002.99 827.02 1020.30 887.38
1036 0 pedestrian 0 1007.61 825.99 1025.15 887.06
1037 0 pedestrian 0 1012.23 824.95 1030.00 886.74
1038 0 pedestrian 0 1016.85 823.91 1034.85 886.42
1039 1 pedestrian 0 1021.47 822.88 1039.70 886.10
1040 0 pedestrian 0 1026.23 822.35 1044.68 886.68
1041 0 pedestrian 0 1030.99 821.82 1049.66 887.26
1042 0 pedestrian 0 1035.75 821.28 1054.64 887.84
1043 0 pedestrian 0 1040.51 820.75 1059.62 888.42
1044 1 pedestrian 0 1045.27 820.22 1064.60 889.00
1045 0 pedestrian 0 1050.83 820.41 1070.15 889.50
1046 0 pedestrian 0 1056.38 820.60 1075.70 890.00
1047 0 pedestrian 0 1061.93 820.78 1081.25 890.51
1048 1 pedestrian 0 1067.49 820.97 1086.80 891.01
1049 1 pedestrian 0 1072.40 819.55 1091.70 889.90
1050 0 pedestrian 0 1077.47 818.97 1097.04 890.22
1051 0 pedestrian 0 1082.54 818.39 1102.38 890.54
1052 0 pedestrian 0 1087.61 817.82 1107.72 890.86
1053 0 pedestrian 0 1092.68 817.24 1113.06 891.18
1054 1 pedestrian 0 1097.75 816.66 1118.40 891.50
1055 0 pedestrian 0 1102.55 817.10 1123.12 892.44
1056 0 pedestrian 0 1107.36 817.55 1127.84 893.38
1057 0 pedestrian 0 1112.16 817.99 1132.56 894.32
1058 0 pedestrian 0 1116.97 818.44 1137.28 895.26
1059 1 pedestrian 0 1121.77 818.88 1142.00 896.20
1060 0 pedestrian 0 1125.99 818.57 1146.26 896.56
1061 0 pedestrian 0 1130.22 818.26 1150.52 896.92
1062 0 pedestrian 0 1134.44 817.95 1154.78 897.28
1063 0 pedestrian 0 1138.67 817.64 1159.04 897.64
1064 1 pedestrian 0 1142.89 817.33 1163.30 898.00
1065 0 pedestrian 0 1147.11 816.77 1168.14 899.03
1066 0 pedestrian 0 1151.34 816.20 1172.98 900.06
1067 0 pedestrian 0 1155.56 815.64 1177.83 901.10
1068 0 pedestrian 0 1159.79 815.07 1182.67 902.13
1069 1 pedestrian 0 1164.01 814.51 1187.51 903.16
1070 0 pedestrian 0 1168.55 813.70 1192.27 902.66
1071 1 pedestrian 0 1173.08 812.90 1197.03 902.16
1072 0 pedestrian 0 1177.55 811.41 1201.72 902.17
1073 0 pedestrian 0 1182.01 809.92 1206.41 902.19
1074 1 pedestrian 0 1186.48 808.43 1211.10 902.20
1075 0 pedestrian 0 1191.72 808.35 1218.05 903.08
1076 0 pedestrian 0 1196.97 808.26 1225.00 903.96
1077 0 pedestrian 0 1202.21 808.17 1231.95 904.84
1078 1 pedestrian 0 1207.45 808.09 1238.90 905.72
1079 1 pedestrian 0 1212.70 808.01 1243.20 906.60
1080 1 pedestrian 0 1217.39 808.49 1249.90 909.12
1081 0 pedestrian 0 1222.08 808.97 1254.58 911.64
1082 0 pedestrian 0 1226.78 809.45 1259.25 914.16
1083 0 pedestrian 0 1231.47 809.94 1263.92 916.68
1084 1 pedestrian 0 1236.16 810.42 1268.60 919.20
1085 1 pedestrian 0 1241.00 809.38 1272.60 919.58
1086 1 pedestrian 0 1246.05 809.38 1279.40 921.00
1087 1 pedestrian 0 1251.72 811.10 1284.90 924.14
1088 0 pedestrian 0 1260.19 808.16 1293.40 922.62
1089 1 pedestrian 0 1268.66 805.23 1301.90 921.10
1090 1 pedestrian 0 1268.30 804.83 1305.90 922.89
1091 1 pedestrian 0 1274.53 799.41 1315.40 919.64
1092 1 pedestrian 0 1277.85 799.24 1320.60 918.30
1093 1 pedestrian 0 1281.17 799.07 1323.10 923.66
1094 1 pedestrian 0 1290.72 793.92 1330.40 920.70
1095 0 pedestrian 0 1297.51 795.01 1337.66 924.08
1096 1 pedestrian 0 1304.30 796.10 1344.93 927.45
1097 0 pedestrian 0 1311.26 794.53 1352.37 928.16
1098 1 pedestrian 0 1318.22 792.96 1359.81 928.88
1099 1 pedestrian 0 1326.74 794.19 1368.80 932.40
1100 1 pedestrian 0 1334.11 793.01 1379.40 933.10
1101 0 pedestrian 0 1341.03 790.13 1386.90 932.89
1102 1 pedestrian 0 1347.94 787.25 1394.40 932.69
1103 1 pedestrian 0 1354.86 781.09 1401.91 929.20
1104 1 pedestrian 0 1363.57 777.91 1411.20 928.70
1105 1 pedestrian 0 1370.00 770.03 1418.52 924.59
1106 1 pedestrian 0 1380.01 763.86 1429.42 922.20
1107 1 pedestrian 0 1393.01 756.19 1443.30 918.31
1108 1 pedestrian 0 1402.13 752.26 1453.31 918.16
1109 1 pedestrian 0 1413.63 748.93 1465.70 918.60
1110 1 pedestrian 0 1425.10 742.90 1478.90 916.70
1111 1 pedestrian 0 1437.09 740.00 1490.00 918.54
1112 1 pedestrian 0 1446.77 736.64 1502.09 919.92
1113 1 pedestrian 0 1458.76 736.14 1515.39 924.17
1114 1 pedestrian 0 1469.95 733.22 1527.89 925.98
1115 1 pedestrian 0 1484.40 732.00 1545.90 927.19
1116 1 pedestrian 0 1494.87 726.38 1556.56 927.47
1117 1 pedestrian 0 1509.03 722.61 1570.90 929.60
1118 1 pedestrian 0 1523.32 715.23 1583.20 927.30
1119 1 pedestrian 0 1540.84 708.78 1603.00 927.30
1120 1 pedestrian 0 1557.45 704.17 1618.50 927.30
1121 1 pedestrian 0 1573.35 696.56 1642.00 928.20
1122 1 pedestrian 0 1589.26 688.95 1659.10 929.10
1123 1 pedestrian 0 1607.48 683.41 1676.10 931.85
1124 1 pedestrian 0 1625.69 677.88 1685.80 934.60
1125 1 pedestrian 0 1645.52 674.19 1722.00 937.80
1126 1 pedestrian 0 1667.66 669.12 1745.30 941.00
1127 1 pedestrian 0 1686.91 660.49 1767.20 940.30
1128 1 pedestrian 0 1712.15 655.84 1792.43 943.00
1129 1 pedestrian 0 1736.05 648.53 1816.34 943.70
1130 1 pedestrian 0 1761.29 638.57 1841.57 945.00
1131 1 pedestrian 0 1787.18 628.61 1868.10 948.30
1132 1 pedestrian 0 1812.40 617.32 1897.98 943.70
1133 1 pedestrian 0 1844.27 608.03 1920.00 934.40
1134 1 pedestrian 1 1872.83 599.39 1920.00 933.70
1135 1 pedestrian 1 1897.40 599.39 1920.00 933.70
1136 1 pedestrian 1 1897.40 599.39 1920.00 933.70
