224 1 pedestrian 1 1617.38 734.28 1644.90 804.80
225 0 pedestrian 1 1615.62 734.54 1643.05 805.06
226 0 pedestrian 1 1613.85 734.80 1641.20 805.32
227 0 pedestrian 1 1612.09 735.05 1639.35 805.58
228 0 pedestrian 1 1610.33 735.31 1637.50 805.84
229 0 pedestrian 1 1608.57 735.57 1635.65 806.10
230 0 pedestrian 1 1606.80 735.83 1633.80 806.36
231 0 pedestrian 1 1605.04 736.09 1631.95 806.62
232 0 pedestrian 1 1603.28 736.34 1630.10 806.88
233 0 pedestrian 1 1601.51 736.60 1628.25 807.14
234 1 pedestrian 1 1599.75 736.86 1626.40 807.40
235 0 pedestrian 1 1596.19 737.81 1622.84 808.58
236 0 pedestrian 1 1592.64 738.76 1619.29 809.77
237 0 pedestrian 1 1589.08 739.71 1615.73 810.95
238 0 pedestrian 1 1585.52 740.66 1612.17 812.14
239 0 pedestrian 1 1581.96 741.61 1608.61 813.32
240 0 pedestrian 1 1578.41 742.55 1605.06 814.51
241 0 pedestrian 1 1574.85 743.50 1601.50 815.69
242 0 pedestrian 1 1571.29 744.45 1597.94 816.88
243 0 pedestrian 1 1567.73 745.40 1594.38 818.06
244 0 pedestrian 1 1564.18 746.35 1590.83 819.25
245 1 pedestrian 1 1560.62 747.30 1587.27 820.43
246 0 pedestrian 1 1555.89 747.81 1582.54 821.17
247 0 pedestrian 1 1551.16 748.32 1577.81 821.92
248 0 pedestrian 1 1546.43 748.82 1573.08 822.66
249 1 pedestrian 1 1541.70 749.33 1568.35 823.41
250 0 pedestrian 1 1536.11 749.93 1562.76 824.25
251 0 pedestrian 1 1530.52 750.53 1557.17 825.09
252 0 pedestrian 1 1524.93 751.14 1551.58 825.92
253 0 pedestrian 1 1519.34 751.74 1545.99 826.76
254 1 pedestrian 0 1513.75 752.34 1540.40 827.60
255 0 pedestrian 0 1507.98 753.34 1534.93 829.20
256 0 pedestrian 0 1502.20 754.33 1529.47 830.80
257 1 pedestrian 0 1496.43 755.33 1524.00 832.40
258 0 pedestrian 0 1491.65 755.88 1519.77 834.00
259 0 pedestrian 0 1486.88 756.42 1515.53 835.60
260 0 pedestrian 0 1482.10 756.97 1511.30 837.20
261 0 pedestrian 0 1477.32 757.52 1507.07 838.80
262 0 pedestrian 0 1472.55 758.06 1502.83 840.40
263 1 pedestrian 0 1467.77 758.61 1498.60 842.00
264 0 pedestrian 0 1461.87 758.46 1492.70 842.15
265 0 pedestrian 0 1455.97 758.32 1486.80 842.30
266 0 pedestrian 0 1450.08 758.17 1480.90 842.45
267 1 pedestrian 0 1444.18 758.02 1475.00 842.60
268 0 pedestrian 0 1439.94 758.62 1471.66 843.44
269 0 pedestrian 0 1435.70 759.21 1468.32 844.28
270 0 pedestrian 0 1431.46 759.81 1464.98 845.12
271 0 pedestrian 0 1427.22 760.40 1461.64 845.96
272 1 pedestrian 0 1422.98 761.00 1458.30 846.80
273 0 pedestrian 0 1419.02 761.60 1455.90 847.05
274 0 pedestrian 0 1415.07 762.19 1453.50 847.30
275 0 pedestrian 0 1411.11 762.79 1451.10 847.55
276 1 pedestrian 0 1407.15 763.39 1448.70 847.80
277 0 pedestrian 0 1404.16 764.14 1445.08 848.55
278 0 pedestrian 0 1401.18 764.88 1441.45 849.30
279 0 pedestrian 0 1398.20 765.63 1437.83 850.05
280 1 pedestrian 0 1395.21 766.38 1434.20 850.80
281 0 pedestrian 0 1391.75 766.56 1428.82 851.16
282 0 pedestrian 0 1388.28 766.74 1423.44 851.52
283 0 pedestrian 0 1384.82 766.91 1418.06 851.88
284 0 pedestrian 0 1381.35 767.09 1412.68 852.24
285 1 pedestrian 0 1377.89 767.27 1407.30 852.60
286 0 pedestrian 0 1374.31 767.87 1406.05 853.02
287 0 pedestrian 0 1370.72 768.47 1404.80 853.43
288 0 pedestrian 0 1367.14 769.07 1403.55 853.85
289 0 pedestrian 0 1363.56 769.66 1402.30 854.27
290 0 pedestrian 0 1359.97 770.26 1401.05 854.68
291 1 pedestrian 0 1356.39 770.86 1399.80 855.10
292 0 pedestrian 0 1354.54 771.34 1396.54 855.70
293 0 pedestrian 0 1352.69 771.82 1393.28 856.30
294 0 pedestrian 0 1350.84 772.29 1390.02 856.90
295 0 pedestrian 0 1348.99 772.77 1386.76 857.50
296 1 pedestrian 0 1347.14 773.25 1383.50 858.10
297 0 pedestrian 0 1343.56 773.91 1378.48 858.54
298 0 pedestrian 0 1339.97 774.56 1373.46 858.98
299 0 pedestrian 0 1336.39 775.22 1368.44 859.42
300 0 pedestrian 0 1332.80 775.87 1363.42 859.86
301 1 pedestrian 0 1329.22 776.53 1358.40 860.30
302 0 pedestrian 0 1325.76 776.89 1357.68 860.72
303 0 pedestrian 0 1322.29 777.25 1356.96 861.14
304 0 pedestrian 0 1318.83 777.60 1356.24 861.56
305 0 pedestrian 0 1315.36 777.96 1355.52 861.98
306 1 pedestrian 0 1311.90 778.32 1354.80 862.40
307 0 pedestrian 0 1308.97 778.98 1352.76 863.84
308 0 pedestrian 0 1306.05 779.64 1350.72 865.28
309 0 pedestrian 0 1303.12 780.29 1348.68 866.72
310 0 pedestrian 0 1300.20 780.95 1346.64 868.16
311 1 pedestrian 0 1297.27 781.61 1344.60 869.60
312 0 pedestrian 0 1295.78 781.49 1340.50 869.66
313 0 pedestrian 0 1294.28 781.37 1336.40 869.72
314 0 pedestrian 0 1292.79 781.25 1332.30 869.78
315 0 pedestrian 0 1291.29 781.13 1328.20 869.84
316 1 pedestrian 0 1289.80 781.01 1324.10 869.90
317 0 pedestrian 0 1288.25 781.37 1322.78 870.16
318 0 pedestrian 0 1286.70 781.73 1321.46 870.42
319 0 pedestrian 0 1285.14 782.08 1320.14 870.68
320 0 pedestrian 0 1283.59 782.44 1318.82 870.94
321 1 pedestrian 0 1282.04 782.80 1317.50 871.20
322 0 pedestrian 0 1281.32 783.04 1318.34 871.44
323 0 pedestrian 0 1280.61 783.28 1319.18 871.68
324 0 pedestrian 0 1279.89 783.52 1320.02 871.92
325 0 pedestrian 0 1279.18 783.76 1320.86 872.16
326 1 pedestrian 0 1278.46 784.00 1321.70 872.40
327 0 pedestrian 0 1278.34 783.28 1320.86 872.16
328 0 pedestrian 0 1278.22 782.56 1320.02 871.92
329 0 pedestrian 0 1278.10 781.85 1319.18 871.68
330 0 pedestrian 0 1277.98 781.13 1318.34 871.44
331 1 pedestrian 0 1277.86 780.41 1317.50 871.20
332 0 pedestrian 0 1276.79 779.93 1315.02 871.50
333 0 pedestrian 0 1275.71 779.45 1312.54 871.80
334 0 pedestrian 0 1274.64 778.98 1310.06 872.10
335 0 pedestrian 0 1273.56 778.50 1307.58 872.40
336 1 pedestrian 0 1272.49 778.02 1305.10 872.70
337 0 pedestrian 0 1271.89 778.14 1307.14 872.66
338 0 pedestrian 0 1271.29 778.26 1309.18 872.62
339 0 pedestrian 0 1270.70 778.38 1311.22 872.58
340 0 pedestrian 0 1270.10 778.50 1313.26 872.54
341 1 pedestrian 0 1269.50 778.62 1315.30 872.50
342 0 pedestrian 0 1269.44 778.08 1316.20 871.96
343 0 pedestrian 0 1269.38 777.54 1317.10 871.42
344 0 pedestrian 0 1269.32 777.01 1318.00 870.88
345 0 pedestrian 0 1269.26 776.47 1318.90 870.34
346 1 pedestrian 0 1269.20 775.93 1319.80 869.80
347 0 pedestrian 0 1268.25 775.45 1317.56 870.10
348 0 pedestrian 0 1267.29 774.97 1315.32 870.40
349 0 pedestrian 0 1266.34 774.50 1313.08 870.70
350 0 pedestrian 0 1265.38 774.02 1310.84 871.00
351 1 pedestrian 0 1264.43 773.54 1308.60 871.30
352 0 pedestrian 0 1264.37 773.54 1308.66 872.08
353 0 pedestrian 0 1264.31 773.54 1308.72 872.86
354 0 pedestrian 0 1264.25 773.54 1308.78 873.64
355 0 pedestrian 0 1264.19 773.54 1308.84 874.42
356 1 pedestrian 0 1264.13 773.54 1308.90 875.20
357 0 pedestrian 0 1264.73 773.66 1309.50 875.32
358 0 pedestrian 0 1265.32 773.78 1310.10 875.44
359 0 pedestrian 0 1265.92 773.90 1310.69 875.56
360 0 pedestrian 0 1266.51 774.02 1311.29 875.68
361 1 pedestrian 0 1267.11 774.14 1311.89 875.80
362 0 pedestrian 0 1267.11 773.66 1311.55 876.04
363 0 pedestrian 0 1267.11 773.18 1311.21 876.28
364 0 pedestrian 0 1267.11 772.71 1310.88 876.52
365 0 pedestrian 0 1267.11 772.23 1310.54 876.76
366 1 pedestrian 0 1267.11 771.75 1310.20 877.00
367 0 pedestrian 0 1267.65 771.87 1309.54 877.30
368 0 pedestrian 0 1268.19 771.99 1308.88 877.60
369 0 pedestrian 0 1268.72 772.11 1308.22 877.90
370 0 pedestrian 0 1269.26 772.23 1307.56 878.20
371 1 pedestrian 0 1269.80 772.35 1306.90 878.50
372 0 pedestrian 0 1270.46 772.77 1308.76 879.04
373 0 pedestrian 0 1271.11 773.19 1310.62 879.58
374 0 pedestrian 0 1271.77 773.60 1312.48 880.12
375 0 pedestrian 0 1272.42 774.02 1314.34 880.66
376 1 pedestrian 0 1273.08 774.44 1316.20 881.20
377 0 pedestrian 0 1274.10 774.74 1316.94 882.22
378 0 pedestrian 0 1275.11 775.04 1317.68 883.24
379 0 pedestrian 0 1276.13 775.33 1318.42 884.26
380 0 pedestrian 0 1277.14 775.63 1319.16 885.28
381 1 pedestrian 0 1278.16 775.93 1319.90 886.30
382 0 pedestrian 0 1278.88 775.99 1320.62 886.66
383 0 pedestrian 0 1279.59 776.05 1321.34 887.02
384 0 pedestrian 0 1280.31 776.11 1322.06 887.38
385 0 pedestrian 0 1281.02 776.17 1322.78 887.74
386 1 pedestrian 0 1281.74 776.23 1323.50 888.10
387 0 pedestrian 0 1283.29 776.11 1325.05 887.98
388 0 pedestrian 0 1284.85 775.99 1326.60 887.86
389 0 pedestrian 0 1286.40 775.87 1328.16 887.74
390 0 pedestrian 0 1287.96 775.75 1329.71 887.62
391 1 pedestrian 0 1289.51 775.63 1331.26 887.50
392 0 pedestrian 0 1290.76 775.87 1334.49 888.52
393 0 pedestrian 0 1292.02 776.11 1337.72 889.54
394 0 pedestrian 0 1293.27 776.35 1340.94 890.56
395 0 pedestrian 0 1294.53 776.59 1344.17 891.58
396 1 pedestrian 0 1295.78 776.83 1347.40 892.60
397 0 pedestrian 0 1297.87 776.53 1348.56 892.66
398 0 pedestrian 0 1299.96 776.23 1349.72 892.72
399 0 pedestrian 0 1302.05 775.93 1350.88 892.78
400 0 pedestrian 0 1304.14 775.63 1352.04 892.84
401 1 pedestrian 0 1306.23 775.33 1353.20 892.90
402 0 pedestrian 0 1308.02 775.27 1355.70 893.86
403 0 pedestrian 0 1309.81 775.21 1358.20 894.82
404 0 pedestrian 0 1311.61 775.15 1360.70 895.78
405 0 pedestrian 0 1313.40 775.09 1363.20 896.74
406 1 pedestrian 0 1315.19 775.03 1365.70 897.70
407 0 pedestrian 0 1316.80 775.75 1369.28 898.66
408 0 pedestrian 0 1318.41 776.47 1372.86 899.62
409 0 pedestrian 0 1320.03 777.18 1376.44 900.58
410 0 pedestrian 0 1321.64 777.90 1380.02 901.54
411 1 pedestrian 0 1323.25 778.62 1383.60 902.50
412 0 pedestrian 0 1324.44 778.56 1384.52 903.94
413 0 pedestrian 0 1325.64 778.50 1385.44 905.38
414 0 pedestrian 0 1326.83 778.44 1386.36 906.82
415 0 pedestrian 0 1328.03 778.38 1387.28 908.26
416 1 pedestrian 0 1329.22 778.32 1388.20 909.70
417 0 pedestrian 0 1329.94 778.50 1388.02 911.32
418 0 pedestrian 0 1330.66 778.68 1387.84 912.94
419 0 pedestrian 0 1331.37 778.85 1387.66 914.56
420 0 pedestrian 0 1332.09 779.03 1387.48 916.18
421 1 pedestrian 0 1332.81 779.21 1387.30 917.80
422 0 pedestrian 0 1333.29 778.97 1390.22 920.00
423 0 pedestrian 0 1333.77 778.73 1393.14 922.20
424 0 pedestrian 0 1334.24 778.50 1396.06 924.40
425 0 pedestrian 0 1334.72 778.26 1398.98 926.60
426 1 pedestrian 0 1335.20 778.02 1401.90 928.80
427 0 pedestrian 0 1336.51 778.44 1400.70 930.00
428 0 pedestrian 0 1337.82 778.86 1399.50 931.20
429 0 pedestrian 0 1339.14 779.27 1398.30 932.40
430 0 pedestrian 0 1340.45 779.69 1397.10 933.60
431 1 pedestrian 0 1341.76 780.11 1395.90 934.80
432 0 pedestrian 0 1341.55 779.61 1396.98 935.94
433 0 pedestrian 0 1341.33 779.11 1398.06 937.08
434 0 pedestrian 0 1341.12 778.60 1399.14 938.22
435 0 pedestrian 0 1340.90 778.10 1400.22 939.36
436 1 pedestrian 0 1340.69 777.60 1401.30 940.50
437 0 pedestrian 0 1339.83 776.67 1402.02 941.58
438 0 pedestrian 0 1338.97 775.74 1402.74 942.66
439 0 pedestrian 0 1338.11 774.80 1403.46 943.74
440 0 pedestrian 0 1337.25 773.87 1404.18 944.82
441 1 pedestrian 0 1336.39 772.94 1404.90 945.90
442 0 pedestrian 0 1334.53 772.37 1403.68 948.62
443 0 pedestrian 0 1332.66 771.80 1402.46 951.34
444 0 pedestrian 0 1330.80 771.22 1401.24 954.06
445 0 pedestrian 0 1328.93 770.65 1400.02 956.78
446 1 pedestrian 0 1327.07 770.08 1398.80 959.50
447 0 pedestrian 0 1326.71 769.08 1399.02 961.86
448 0 pedestrian 0 1326.35 768.07 1399.24 964.22
449 0 pedestrian 0 1326.00 767.07 1399.46 966.58
450 0 pedestrian 0 1325.64 766.06 1399.68 968.94
451 1 pedestrian 0 1325.28 765.06 1399.90 971.30
452 0 pedestrian 0 1326.07 764.05 1401.48 974.38
453 0 pedestrian 0 1326.86 763.05 1403.06 977.46
454 0 pedestrian 0 1327.64 762.04 1404.64 980.54
455 1 pedestrian 0 1328.43 761.04 1406.22 983.62
456 1 pedestrian 0 1329.22 760.04 1407.80 986.70
457 0 pedestrian 0 1331.80 759.09 1411.32 989.46
458 0 pedestrian 0 1334.38 758.15 1414.84 992.22
459 0 pedestrian 0 1336.96 757.20 1418.36 994.98
460 0 pedestrian 0 1339.54 756.26 1421.88 997.74
461 1 pedestrian 0 1342.12 755.31 1425.40 1000.50
462 0 pedestrian 0 1345.73 753.68 1431.50 1003.94
463 0 pedestrian 0 1349.34 752.04 1437.60 1007.38
464 0 pedestrian 0 1352.96 750.41 1443.70 1010.82
465 0 pedestrian 0 1356.57 748.77 1449.80 1014.26
466 1 pedestrian 0 1360.18 747.14 1455.90 1017.70
467 0 pedestrian 0 1365.96 745.18 1463.64 1021.32
468 0 pedestrian 0 1371.74 743.22 1471.38 1024.94
469 0 pedestrian 0 1377.52 741.26 1479.12 1028.56
470 0 pedestrian 0 1383.30 739.30 1486.86 1032.18
471 1 pedestrian 0 1389.08 737.34 1494.60 1035.80
472 0 pedestrian 0 1398.57 734.35 1505.54 1039.30
473 0 pedestrian 0 1408.07 731.36 1516.48 1042.80
474 0 pedestrian 0 1417.56 728.36 1527.42 1046.30
475 0 pedestrian 0 1427.06 725.37 1538.36 1049.80
476 1 pedestrian 0 1436.55 722.38 1549.30 1053.30
477 0 pedestrian 0 1447.18 720.00 1561.12 1055.84
478 1 pedestrian 0 1457.81 717.63 1572.94 1058.38
479 0 pedestrian 0 1468.44 715.26 1584.76 1060.92
480 0 pedestrian 0 1479.06 712.88 1596.58 1063.46
481 1 pedestrian 0 1489.69 710.51 1608.40 1066.00
482 0 pedestrian 0 1505.44 702.49 1627.12 1066.74
483 0 pedestrian 0 1521.19 694.46 1645.84 1067.48
484 0 pedestrian 0 1536.95 686.44 1664.56 1068.22
485 0 pedestrian 0 1552.70 678.41 1683.28 1068.96
486 1 pedestrian 0 1568.45 670.39 1702.00 1069.70
487 1 pedestrian 0 1588.07 663.70 1723.84 1070.30
488 0 pedestrian 0 1607.68 657.01 1745.68 1070.90
489 0 pedestrian 0 1627.30 650.33 1767.52 1071.50
490 0 pedestrian 0 1646.91 643.64 1789.36 1072.10
491 1 pedestrian 1 1666.53 636.95 1811.20 1072.70
492 0 pedestrian 1 1694.47 624.77 1832.96 1074.16
493 0 pedestrian 1 1722.40 612.58 1854.72 1075.62
494 0 pedestrian 1 1750.34 600.40 1876.48 1077.08
495 0 pedestrian 1 1778.27 588.21 1898.24 1078.54
496 1 pedestrian 1 1806.21 576.03 1920.00 1080.00
497 0 pedestrian 1 1833.85 559.53 1920.00 1063.51
498 1 pedestrian 1 1861.49 543.04 1920.00 1047.01
499 1 pedestrian 1 1897.16 547.49 1920.00 1051.47
500 1 pedestrian 1 1897.16 547.49 1920.00 1051.47
