5962 1 pedestrian 1 981.48 812.43 995.81 845.03
5963 0 pedestrian 1 980.93 813.03 995.26 845.64
5964 0 pedestrian 1 980.38 813.64 994.72 846.24
5965 0 pedestrian 1 979.84 814.24 994.17 846.85
5966 0 pedestrian 1 979.29 814.85 993.63 847.45
5967 1 pedestrian 1 978.74 815.45 993.08 848.06
5968 0 pedestrian 1 978.16 815.31 992.50 847.92
5969 0 pedestrian 1 977.59 815.16 991.93 847.77
5970 0 pedestrian 1 977.01 815.02 991.35 847.63
5971 0 pedestrian 1 976.44 814.87 990.78 847.48
5972 1 pedestrian 1 975.86 814.73 990.20 847.34
5973 0 pedestrian 1 975.57 814.70 989.91 847.31
5974 0 pedestrian 1 975.28 814.67 989.62 847.28
5975 0 pedestrian 1 975.00 814.64 989.34 847.25
5976 0 pedestrian 1 974.71 814.61 989.05 847.22
5977 1 pedestrian 1 974.42 814.58 988.76 847.19
5978 0 pedestrian 1 974.34 813.77 988.18 846.38
5979 0 pedestrian 1 974.25 812.97 987.61 845.58
5980 0 pedestrian 1 974.17 812.16 987.03 844.77
5981 0 pedestrian 1 974.08 811.36 986.46 843.97
5982 1 pedestrian 1 974.00 810.55 985.88 843.16
5983 0 pedestrian 1 973.74 810.23 985.62 842.84
5984 0 pedestrian 1 973.48 809.92 985.36 842.52
5985 0 pedestrian 1 973.22 809.60 985.10 842.21
5986 0 pedestrian 1 972.96 809.29 984.84 841.89
5987 1 pedestrian 1 972.70 808.97 984.58 841.57
5988 0 pedestrian 1 972.15 808.45 984.03 841.05
5989 0 pedestrian 1 971.61 807.93 983.48 840.53
5990 0 pedestrian 1 971.06 807.42 982.94 840.02
5991 0 pedestrian 1 970.52 806.90 982.39 839.50
5992 1 pedestrian 1 969.97 806.38 981.84 838.98
5993 0 pedestrian 1 969.57 806.49 981.79 839.90
5994 0 pedestrian 1 969.16 806.61 981.74 840.83
5995 0 pedestrian 1 968.76 806.72 981.70 841.75
5996 0 pedestrian 1 968.35 806.84 981.65 842.68
5997 1 pedestrian 1 967.95 806.95 981.60 843.60
5998 0 pedestrian 1 967.43 806.26 981.08 842.91
5999 0 pedestrian 1 966.91 805.57 980.56 842.22
6000 0 pedestrian 1 966.40 804.87 980.05 841.52
6001 0 pedestrian 1 965.88 804.18 979.53 840.83
6002 1 pedestrian 1 965.36 803.49 979.01 840.14
6003 0 pedestrian 1 964.55 802.77 978.20 839.42
6004 0 pedestrian 1 963.75 802.05 977.40 838.70
6005 0 pedestrian 1 962.94 801.33 976.59 837.98
6006 0 pedestrian 1 962.14 800.61 975.79 837.26
6007 1 pedestrian 1 961.33 799.89 974.98 836.54
6008 0 pedestrian 1 960.87 799.77 974.57 837.11
6009 0 pedestrian 1 960.41 799.66 974.16 837.67
6010 0 pedestrian 1 959.95 799.54 973.76 838.24
6011 0 pedestrian 1 959.49 799.43 973.35 838.80
6012 0 pedestrian 1 959.03 799.32 972.94 839.37
6013 0 pedestrian 1 958.56 799.20 972.53 839.94
6014 0 pedestrian 1 958.10 799.09 972.12 840.50
6015 0 pedestrian 1 957.64 798.97 971.72 841.07
6016 0 pedestrian 1 957.18 798.86 971.31 841.63
6017 1 pedestrian 1 956.72 798.74 970.90 842.20
6018 0 pedestrian 1 956.06 798.74 970.24 842.20
6019 0 pedestrian 1 955.40 798.74 969.58 842.20
6020 0 pedestrian 1 954.73 798.74 968.91 842.20
6021 0 pedestrian 1 954.07 798.74 968.25 842.20
6022 1 pedestrian 1 953.41 798.74 967.59 842.20
6023 0 pedestrian 1 953.15 799.43 967.33 842.89
6024 0 pedestrian 1 952.89 800.12 967.07 843.58
6025 0 pedestrian 1 952.63 800.82 966.81 844.28
6026 0 pedestrian 1 952.37 801.51 966.55 844.97
6027 1 pedestrian 1 952.11 802.20 966.29 845.66
6028 0 pedestrian 1 951.47 802.20 965.65 845.66
6029 0 pedestrian 1 950.82 802.20 965.00 845.66
6030 0 pedestrian 1 950.18 802.20 964.36 845.66
6031 0 pedestrian 1 949.53 802.20 963.71 845.66
6032 1 pedestrian 1 948.89 802.20 963.07 845.66
6033 0 pedestrian 1 948.21 801.55 962.71 846.95
6034 0 pedestrian 1 947.53 800.91 962.35 848.24
6035 0 pedestrian 1 946.86 800.26 962.00 849.52
6036 0 pedestrian 1 946.18 799.62 961.64 850.81
6037 1 pedestrian 1 945.50 798.97 961.28 852.10
6038 0 pedestrian 1 944.57 799.19 960.35 852.32
6039 0 pedestrian 1 943.64 799.40 959.42 852.53
6040 0 pedestrian 1 942.70 799.62 958.48 852.75
6041 0 pedestrian 1 941.77 799.83 957.55 852.96
6042 1 pedestrian 1 940.84 800.05 956.62 853.18
6043 0 pedestrian 1 939.77 799.98 955.54 853.11
6044 0 pedestrian 1 938.69 799.91 954.47 853.04
6045 0 pedestrian 1 937.62 799.83 953.39 852.96
6046 0 pedestrian 1 936.54 799.76 952.32 852.89
6047 1 pedestrian 1 935.47 799.69 951.24 852.82
6048 0 pedestrian 1 934.39 799.62 950.17 852.75
6049 0 pedestrian 1 933.32 799.55 949.09 852.68
6050 0 pedestrian 1 932.24 799.47 948.02 852.60
6051 0 pedestrian 1 931.17 799.40 946.94 852.53
6052 1 pedestrian 1 930.09 799.33 945.87 852.46
6053 0 pedestrian 1 929.02 798.76 944.79 851.89
6054 0 pedestrian 1 927.94 798.18 943.72 851.31
6055 0 pedestrian 1 926.87 797.61 942.64 850.74
6056 0 pedestrian 1 925.79 797.03 941.57 850.16
6057 1 pedestrian 1 924.72 796.46 940.49 849.59
6058 0 pedestrian 1 924.00 796.53 939.77 849.66
6059 0 pedestrian 1 923.28 796.60 939.06 849.73
6060 0 pedestrian 1 922.57 796.68 938.34 849.81
6061 0 pedestrian 1 921.85 796.75 937.63 849.88
6062 1 pedestrian 1 921.13 796.82 936.91 849.95
6063 0 pedestrian 1 919.98 796.75 935.76 849.88
6064 0 pedestrian 1 918.84 796.68 934.62 849.81
6065 0 pedestrian 1 917.69 796.60 933.47 849.73
6066 0 pedestrian 1 916.55 796.53 932.33 849.66
6067 1 pedestrian 1 915.40 796.46 931.18 849.59
6068 0 pedestrian 1 915.04 796.53 930.82 849.66
6069 0 pedestrian 1 914.68 796.60 930.46 849.73
6070 0 pedestrian 1 914.33 796.68 930.11 849.81
6071 0 pedestrian 1 913.97 796.75 929.75 849.88
6072 1 pedestrian 1 913.61 796.82 929.39 849.95
6073 0 pedestrian 1 912.89 796.61 929.45 851.67
6074 0 pedestrian 1 912.18 796.39 929.51 853.39
6075 0 pedestrian 1 911.46 796.18 929.58 855.12
6076 0 pedestrian 1 910.75 795.96 929.64 856.84
6077 1 pedestrian 1 910.03 795.75 929.70 858.56
6078 0 pedestrian 1 909.39 795.57 928.98 858.95
6079 0 pedestrian 1 908.74 795.39 928.27 859.35
6080 0 pedestrian 1 908.10 795.21 927.55 859.74
6081 0 pedestrian 1 907.46 795.03 926.84 860.14
6082 0 pedestrian 1 906.82 794.86 926.12 860.53
6083 0 pedestrian 1 906.17 794.68 925.40 860.92
6084 0 pedestrian 1 905.53 794.50 924.69 861.32
6085 0 pedestrian 1 904.89 794.32 923.97 861.71
6086 0 pedestrian 1 904.24 794.14 923.26 862.11
6087 1 pedestrian 0 903.60 793.96 922.54 862.50
6088 0 pedestrian 0 903.09 794.25 922.75 864.66
6089 0 pedestrian 0 902.59 794.53 922.96 866.82
6090 0 pedestrian 0 902.08 794.82 923.18 868.98
6091 0 pedestrian 0 901.58 795.10 923.39 871.14
6092 1 pedestrian 0 901.07 795.39 923.60 873.30
6093 0 pedestrian 0 900.42 794.03 922.96 871.94
6094 0 pedestrian 0 899.78 792.67 922.31 870.58
6095 0 pedestrian 0 899.13 791.31 921.67 869.21
6096 0 pedestrian 0 898.49 789.95 921.02 867.85
6097 1 pedestrian 0 897.84 788.59 920.38 866.49
6098 0 pedestrian 0 896.98 788.37 919.52 866.28
6099 0 pedestrian 0 896.12 788.16 918.66 866.06
6100 0 pedestrian 0 895.26 787.94 917.79 865.85
6101 0 pedestrian 0 894.40 787.73 916.93 865.63
6102 1 pedestrian 0 893.54 787.51 916.07 865.42
6103 0 pedestrian 0 892.53 787.37 916.08 868.00
6104 0 pedestrian 0 891.52 787.22 916.08 870.57
6105 0 pedestrian 0 890.52 787.08 916.09 873.15
6106 0 pedestrian 0 889.51 786.93 916.09 875.72
6107 1 pedestrian 0 888.50 786.79 916.10 878.30
6108 0 pedestrian 0 887.06 786.15 914.88 879.08
6109 0 pedestrian 0 885.62 785.50 913.66 879.86
6110 0 pedestrian 0 884.18 784.86 912.45 880.64
6111 0 pedestrian 0 882.74 784.21 911.23 881.42
6112 1 pedestrian 0 881.30 783.57 910.01 882.20
6113 0 pedestrian 0 880.72 783.00 909.51 882.20
6114 0 pedestrian 0 880.14 782.43 909.01 882.20
6115 0 pedestrian 0 879.56 781.85 908.50 882.20
6116 0 pedestrian 0 878.98 781.28 908.00 882.20
6117 1 pedestrian 0 878.40 780.71 907.50 882.20
6118 0 pedestrian 0 876.72 780.71 906.78 884.00
6119 0 pedestrian 0 875.04 780.71 906.07 885.80
6120 0 pedestrian 0 873.36 780.71 905.35 887.60
6121 0 pedestrian 0 871.68 780.71 904.64 889.40
6122 1 pedestrian 0 870.00 780.71 903.92 891.20
6123 0 pedestrian 0 869.06 781.57 903.49 892.84
6124 0 pedestrian 0 868.12 782.43 903.06 894.48
6125 0 pedestrian 0 867.18 783.29 902.63 896.12
6126 0 pedestrian 0 866.24 784.15 902.20 897.76
6127 1 pedestrian 0 865.30 785.01 901.77 899.40
6128 0 pedestrian 0 863.90 783.00 901.27 899.12
6129 0 pedestrian 0 862.50 780.99 900.77 898.84
6130 0 pedestrian 0 861.10 778.99 900.26 898.56
6131 0 pedestrian 0 859.70 776.98 899.76 898.28
6132 1 pedestrian 0 858.30 774.97 899.26 898.00
6133 0 pedestrian 0 857.22 774.04 898.61 897.92
6134 0 pedestrian 0 856.14 773.11 897.97 897.84
6135 0 pedestrian 0 855.06 772.17 897.32 897.76
6136 0 pedestrian 0 853.98 771.24 896.68 897.68
6137 1 pedestrian 0 852.90 770.31 896.03 897.60
6138 0 pedestrian 0 850.28 770.02 893.67 898.89
6139 0 pedestrian 0 847.66 769.74 891.30 900.19
6140 0 pedestrian 0 845.05 769.45 888.94 901.48
6141 0 pedestrian 0 842.43 769.17 886.57 902.78
6142 1 pedestrian 0 839.81 768.88 884.21 904.07
6143 0 pedestrian 0 838.23 768.09 882.27 905.22
6144 0 pedestrian 0 836.65 767.30 880.34 906.36
6145 0 pedestrian 0 835.06 766.52 878.40 907.51
6146 0 pedestrian 0 833.48 765.73 876.47 908.65
6147 1 pedestrian 0 831.90 764.94 874.53 909.80
6148 0 pedestrian 0 827.24 763.72 871.88 912.24
6149 0 pedestrian 0 822.58 762.50 869.23 914.68
6150 0 pedestrian 0 817.92 761.29 866.58 917.12
6151 0 pedestrian 0 813.26 760.07 863.93 919.56
6152 1 pedestrian 0 808.60 758.85 861.28 922.00
6153 0 pedestrian 0 805.30 758.13 859.26 923.62
6154 0 pedestrian 0 802.00 757.42 857.25 925.24
6155 0 pedestrian 0 798.70 756.70 855.23 926.86
6156 0 pedestrian 0 795.40 755.99 853.22 928.48
6157 1 pedestrian 0 792.10 755.27 851.20 930.10
6158 0 pedestrian 0 790.22 754.05 847.66 932.80
6159 0 pedestrian 0 788.34 752.83 844.12 935.50
6160 0 pedestrian 0 786.46 751.61 840.58 938.20
6161 0 pedestrian 0 784.58 750.39 837.04 940.90
6162 1 pedestrian 0 782.70 749.17 833.50 943.60
6163 0 pedestrian 0 774.62 746.69 828.34 946.28
6164 0 pedestrian 0 766.54 744.22 823.18 948.96
6165 0 pedestrian 0 758.46 741.74 818.02 951.64
6166 0 pedestrian 0 750.38 739.27 812.86 954.32
6167 1 pedestrian 0 742.30 736.79 807.70 957.00
6168 0 pedestrian 0 734.56 735.45 803.26 960.62
6169 0 pedestrian 0 726.82 734.11 798.83 964.24
6170 0 pedestrian 0 719.08 732.76 794.39 967.86
6171 0 pedestrian 0 711.34 731.42 789.96 971.48
6172 1 pedestrian 0 703.60 730.08 785.52 975.10
6173 0 pedestrian 0 698.54 727.50 780.46 978.40
6174 0 pedestrian 0 693.48 724.92 775.40 981.70
6175 0 pedestrian 0 688.42 722.34 770.35 985.00
6176 0 pedestrian 0 683.36 719.76 765.29 988.30
6177 1 pedestrian 0 678.30 717.18 760.23 991.60
6178 0 pedestrian 0 673.04 713.67 752.59 995.32
6179 0 pedestrian 0 667.78 710.16 744.96 999.04
6180 0 pedestrian 0 662.52 706.66 737.32 1002.76
6181 0 pedestrian 0 657.26 703.15 729.69 1006.48
6182 1 pedestrian 0 652.00 699.64 722.05 1010.20
6183 0 pedestrian 0 641.98 695.01 711.52 1017.90
6184 0 pedestrian 0 631.96 690.38 700.99 1025.61
6185 0 pedestrian 0 621.94 685.76 690.47 1033.31
6186 0 pedestrian 0 611.92 681.13 679.94 1041.02
6187 1 pedestrian 0 601.90 676.50 669.41 1048.72
6188 1 pedestrian 0 587.52 670.85 660.69 1054.98
6189 0 pedestrian 0 573.14 665.20 651.97 1061.24
6190 0 pedestrian 0 558.76 659.55 643.25 1067.49
6191 0 pedestrian 0 544.38 653.90 634.52 1073.74
6192 1 pedestrian 0 530.00 648.25 625.80 1080.00
6193 0 pedestrian 0 509.46 640.03 608.86 1075.64
6194 0 pedestrian 0 488.92 631.82 591.92 1071.28
6195 0 pedestrian 0 468.37 623.60 574.98 1066.92
6196 0 pedestrian 0 447.83 615.39 558.04 1062.56
6197 1 pedestrian 0 427.29 607.17 541.10 1058.20
6198 0 pedestrian 0 397.76 594.33 515.42 1060.00
6199 0 pedestrian 0 368.23 581.49 489.74 1061.80
6200 0 pedestrian 0 338.70 568.65 464.06 1063.60
6201 0 pedestrian 0 309.17 555.81 438.38 1065.40
6202 1 pedestrian 0 279.64 542.97 412.70 1067.20
6203 0 pedestrian 0 236.24 522.43 378.30 1069.76
6204 0 pedestrian 0 192.85 501.89 343.90 1072.32
6205 0 pedestrian 0 149.45 481.34 309.50 1074.88
6206 0 pedestrian 0 106.06 460.80 275.10 1077.44
6207 1 pedestrian 1 62.66 440.26 240.70 1080.00
6208 0 pedestrian 1 41.77 415.87 197.90 1080.00
6209 0 pedestrian 1 20.89 391.47 155.11 1080.00
6210 1 pedestrian 1 0.00 367.08 112.31 1080.00
6211 1 pedestrian 1 0.00 363.22 68.65 1076.15
6212 1 pedestrian 1 0.00 363.22 19.70 1076.15
6213 1 pedestrian 1 0.00 363.22 19.70 1076.15
