120 1 pedestrian 1 1080.92 801.04 1094.39 852.10
121 0 pedestrian 1 1082.02 800.92 1095.49 851.20
122 0 pedestrian 1 1083.12 800.80 1096.59 850.30
123 0 pedestrian 1 1084.23 800.67 1097.69 849.40
124 0 pedestrian 1 1085.33 800.55 1098.79 848.50
125 1 pedestrian 1 1086.43 800.43 1099.89 847.60
126 0 pedestrian 1 1087.71 799.94 1100.78 847.44
127 0 pedestrian 1 1088.99 799.45 1101.66 847.28
128 0 pedestrian 1 1090.26 798.96 1102.55 847.12
129 0 pedestrian 1 1091.54 798.47 1103.43 846.96
130 1 pedestrian 0 1092.82 797.98 1104.32 846.80
131 0 pedestrian 0 1093.68 797.74 1105.32 846.44
132 0 pedestrian 0 1094.53 797.49 1106.31 846.08
133 0 pedestrian 0 1095.39 797.25 1107.31 845.72
134 0 pedestrian 0 1096.24 797.00 1108.30 845.36
135 1 pedestrian 0 1097.10 796.76 1109.30 845.00
136 0 pedestrian 0 1098.14 796.88 1110.20 845.24
137 0 pedestrian 0 1099.18 797.00 1111.10 845.48
138 0 pedestrian 0 1100.22 797.13 1112.00 845.72
139 0 pedestrian 0 1101.26 797.25 1112.90 845.96
140 1 pedestrian 0 1102.30 797.37 1113.80 846.20
141 0 pedestrian 0 1103.10 797.19 1114.60 846.02
142 0 pedestrian 0 1103.89 797.01 1115.39 845.84
143 0 pedestrian 0 1104.69 796.82 1116.19 845.66
144 0 pedestrian 0 1105.48 796.64 1116.98 845.48
145 1 pedestrian 0 1106.28 796.46 1117.78 845.30
146 0 pedestrian 0 1107.32 796.21 1118.94 845.38
147 0 pedestrian 0 1108.36 795.97 1120.11 845.46
148 0 pedestrian 0 1109.40 795.72 1121.27 845.54
149 0 pedestrian 0 1110.44 795.48 1122.44 845.62
150 1 pedestrian 0 1111.48 795.23 1123.60 845.70
151 0 pedestrian 0 1112.60 794.96 1124.86 845.64
152 0 pedestrian 0 1113.72 794.70 1126.12 845.58
153 0 pedestrian 0 1114.85 794.43 1127.38 845.52
154 0 pedestrian 0 1115.97 794.17 1128.64 845.46
155 1 pedestrian 0 1117.09 793.90 1129.90 845.40
156 0 pedestrian 0 1118.12 793.90 1130.78 845.76
157 0 pedestrian 0 1119.16 793.90 1131.66 846.12
158 0 pedestrian 0 1120.19 793.90 1132.54 846.48
159 0 pedestrian 0 1121.23 793.90 1133.42 846.84
160 1 pedestrian 0 1122.26 793.90 1134.30 847.20
161 0 pedestrian 0 1123.50 794.23 1135.98 847.80
162 0 pedestrian 0 1124.74 794.55 1137.66 848.40
163 0 pedestrian 0 1125.98 794.88 1139.34 849.00
164 0 pedestrian 0 1127.22 795.20 1141.02 849.60
165 1 pedestrian 0 1128.46 795.53 1142.70 850.20
166 0 pedestrian 0 1129.73 795.62 1144.26 850.26
167 0 pedestrian 0 1131.00 795.71 1145.82 850.32
168 0 pedestrian 0 1132.26 795.79 1147.38 850.38
169 0 pedestrian 0 1133.53 795.88 1148.94 850.44
170 1 pedestrian 0 1134.80 795.97 1150.50 850.50
171 0 pedestrian 0 1135.95 795.65 1151.98 850.20
172 0 pedestrian 0 1137.10 795.32 1153.46 849.90
173 0 pedestrian 0 1138.26 795.00 1154.94 849.60
174 0 pedestrian 0 1139.41 794.67 1156.42 849.30
175 1 pedestrian 0 1140.56 794.35 1157.90 849.00
176 0 pedestrian 0 1141.98 793.52 1159.02 848.68
177 0 pedestrian 0 1143.39 792.69 1160.14 848.36
178 0 pedestrian 0 1144.81 791.87 1161.26 848.04
179 0 pedestrian 0 1146.22 791.04 1162.38 847.72
180 1 pedestrian 0 1147.64 790.21 1163.50 847.40
181 0 pedestrian 0 1148.82 790.09 1164.94 847.70
182 0 pedestrian 0 1150.00 789.97 1166.38 848.00
183 0 pedestrian 0 1151.18 789.86 1167.82 848.30
184 0 pedestrian 0 1152.36 789.74 1169.26 848.60
185 1 pedestrian 0 1153.54 789.62 1170.70 848.90
186 0 pedestrian 0 1154.93 789.27 1172.56 848.66
187 0 pedestrian 0 1156.32 788.91 1174.42 848.42
188 0 pedestrian 0 1157.70 788.56 1176.28 848.18
189 0 pedestrian 0 1159.09 788.20 1178.14 847.94
190 1 pedestrian 0 1160.48 787.85 1180.00 847.70
191 0 pedestrian 0 1161.90 787.70 1181.06 847.82
192 0 pedestrian 0 1163.31 787.56 1182.12 847.94
193 0 pedestrian 0 1164.73 787.41 1183.18 848.06
194 0 pedestrian 0 1166.14 787.27 1184.24 848.18
195 1 pedestrian 0 1167.56 787.12 1185.30 848.30
196 0 pedestrian 0 1168.74 787.00 1186.22 848.14
197 0 pedestrian 0 1169.92 786.88 1187.14 847.98
198 0 pedestrian 0 1171.11 786.77 1188.06 847.82
199 0 pedestrian 0 1172.29 786.65 1188.98 847.66
200 1 pedestrian 0 1173.47 786.53 1189.90 847.50
201 0 pedestrian 0 1174.44 786.09 1190.94 847.82
202 0 pedestrian 0 1175.42 785.64 1191.98 848.14
203 0 pedestrian 0 1176.39 785.20 1193.02 848.46
204 0 pedestrian 0 1177.37 784.75 1194.06 848.78
205 1 pedestrian 0 1178.34 784.31 1195.10 849.10
206 0 pedestrian 0 1179.37 784.10 1196.13 848.89
207 0 pedestrian 0 1180.40 783.90 1197.17 848.69
208 0 pedestrian 0 1181.44 783.69 1198.20 848.48
209 0 pedestrian 0 1182.47 783.49 1199.24 848.28
210 1 pedestrian 1 1183.50 783.28 1200.27 848.07
211 0 pedestrian 1 1184.95 782.72 1201.72 848.08
212 0 pedestrian 1 1186.39 782.16 1203.16 848.08
213 0 pedestrian 1 1187.84 781.59 1204.61 848.09
214 0 pedestrian 1 1189.28 781.03 1206.05 848.09
215 1 pedestrian 1 1190.73 780.47 1207.50 848.10
216 0 pedestrian 1 1191.65 780.21 1208.41 848.30
217 0 pedestrian 1 1192.56 779.94 1209.33 848.50
218 0 pedestrian 1 1193.48 779.68 1210.24 848.70
219 0 pedestrian 1 1194.39 779.41 1211.16 848.90
220 1 pedestrian 1 1195.31 779.15 1212.07 849.10
221 0 pedestrian 1 1196.49 778.94 1213.28 849.16
222 0 pedestrian 1 1197.67 778.73 1214.49 849.22
223 0 pedestrian 1 1198.84 778.52 1215.70 849.27
224 0 pedestrian 1 1200.02 778.31 1216.91 849.33
225 1 pedestrian 1 1201.20 778.10 1218.12 849.39
226 0 pedestrian 1 1202.80 778.16 1219.71 849.75
227 0 pedestrian 1 1204.40 778.22 1221.31 850.11
228 0 pedestrian 1 1206.00 778.27 1222.90 850.48
229 0 pedestrian 1 1207.60 778.33 1224.50 850.84
230 1 pedestrian 1 1209.20 778.39 1226.09 851.20
231 0 pedestrian 1 1210.38 778.42 1227.33 851.50
232 0 pedestrian 1 1211.56 778.45 1228.57 851.80
233 0 pedestrian 1 1212.74 778.48 1229.81 852.10
234 0 pedestrian 1 1213.92 778.51 1231.05 852.40
235 1 pedestrian 1 1215.10 778.54 1232.29 852.70
236 0 pedestrian 1 1216.22 778.14 1233.40 852.78
237 0 pedestrian 1 1217.33 777.74 1234.51 852.86
238 0 pedestrian 1 1218.45 777.35 1235.61 852.94
239 0 pedestrian 1 1219.56 776.95 1236.72 853.02
240 1 pedestrian 1 1220.68 776.55 1237.83 853.10
241 0 pedestrian 1 1220.79 776.13 1237.94 853.64
242 0 pedestrian 1 1220.89 775.70 1238.04 854.18
243 0 pedestrian 1 1221.00 775.28 1238.15 854.72
244 0 pedestrian 1 1221.10 774.85 1238.25 855.26
245 1 pedestrian 1 1221.21 774.43 1238.36 855.80
246 0 pedestrian 1 1222.98 774.10 1240.36 856.04
247 0 pedestrian 1 1224.76 773.78 1242.36 856.29
248 0 pedestrian 1 1226.53 773.45 1244.36 856.53
249 0 pedestrian 1 1228.30 773.12 1246.37 856.77
250 0 pedestrian 1 1230.08 772.80 1248.37 857.02
251 0 pedestrian 1 1231.85 772.47 1250.37 857.26
252 0 pedestrian 1 1233.62 772.14 1252.37 857.50
253 0 pedestrian 1 1235.39 771.82 1254.37 857.75
254 0 pedestrian 1 1237.17 771.49 1256.37 857.99
255 0 pedestrian 1 1238.94 771.16 1258.38 858.24
256 0 pedestrian 1 1240.71 770.84 1260.38 858.48
257 0 pedestrian 1 1242.49 770.51 1262.38 858.72
258 0 pedestrian 1 1244.26 770.18 1264.38 858.97
259 0 pedestrian 1 1246.03 769.86 1266.38 859.21
260 0 pedestrian 1 1247.81 769.53 1268.38 859.45
261 0 pedestrian 1 1249.58 769.20 1270.39 859.70
262 0 pedestrian 1 1251.35 768.88 1272.39 859.94
263 0 pedestrian 1 1253.13 768.55 1274.39 860.18
264 0 pedestrian 1 1254.90 768.22 1276.39 860.43
265 0 pedestrian 1 1256.67 767.90 1278.39 860.67
266 0 pedestrian 1 1258.44 767.57 1280.39 860.91
267 0 pedestrian 1 1260.22 767.24 1282.40 861.16
268 0 pedestrian 1 1261.99 766.92 1284.40 861.40
269 0 pedestrian 1 1263.76 766.59 1286.40 861.64
270 0 pedestrian 1 1265.54 766.26 1288.40 861.89
271 0 pedestrian 1 1267.31 765.94 1290.40 862.13
272 0 pedestrian 1 1269.08 765.61 1292.40 862.38
273 0 pedestrian 1 1270.86 765.28 1294.41 862.62
274 0 pedestrian 1 1272.63 764.96 1296.41 862.86
275 0 pedestrian 1 1274.40 764.63 1298.41 863.11
276 0 pedestrian 1 1276.17 764.30 1300.41 863.35
277 0 pedestrian 1 1277.95 763.98 1302.41 863.59
278 0 pedestrian 1 1279.72 763.65 1304.41 863.84
279 0 pedestrian 1 1281.49 763.32 1306.42 864.08
280 0 pedestrian 1 1283.27 763.00 1308.42 864.32
281 0 pedestrian 1 1285.04 762.67 1310.42 864.57
282 0 pedestrian 1 1286.81 762.34 1312.42 864.81
283 0 pedestrian 1 1288.59 762.02 1314.42 865.05
284 0 pedestrian 1 1290.36 761.69 1316.42 865.30
285 0 pedestrian 1 1292.13 761.36 1318.43 865.54
286 0 pedestrian 1 1293.91 761.04 1320.43 865.78
287 0 pedestrian 1 1295.68 760.71 1322.43 866.03
288 0 pedestrian 1 1297.45 760.38 1324.43 866.27
289 0 pedestrian 1 1299.22 760.05 1326.43 866.52
290 0 pedestrian 1 1301.00 759.73 1328.43 866.76
291 0 pedestrian 1 1302.77 759.40 1330.44 867.00
292 0 pedestrian 1 1304.54 759.07 1332.44 867.25
293 0 pedestrian 1 1306.32 758.75 1334.44 867.49
294 0 pedestrian 1 1308.09 758.42 1336.44 867.73
295 0 pedestrian 1 1309.86 758.09 1338.44 867.98
296 0 pedestrian 1 1311.64 757.77 1340.44 868.22
297 0 pedestrian 1 1313.41 757.44 1342.45 868.46
298 0 pedestrian 1 1315.18 757.11 1344.45 868.71
299 0 pedestrian 1 1316.96 756.79 1346.45 868.95
300 0 pedestrian 1 1318.73 756.46 1348.45 869.19
301 0 pedestrian 1 1320.50 756.13 1350.45 869.44
302 0 pedestrian 1 1322.27 755.81 1352.45 869.68
303 0 pedestrian 1 1324.05 755.48 1354.46 869.92
304 0 pedestrian 1 1325.82 755.15 1356.46 870.17
305 0 pedestrian 1 1327.59 754.83 1358.46 870.41
306 0 pedestrian 1 1329.37 754.50 1360.46 870.66
307 0 pedestrian 1 1331.14 754.17 1362.46 870.90
308 0 pedestrian 1 1332.91 753.85 1364.46 871.14
309 0 pedestrian 1 1334.69 753.52 1366.47 871.39
310 0 pedestrian 1 1336.46 753.19 1368.47 871.63
311 0 pedestrian 1 1338.23 752.87 1370.47 871.87
312 0 pedestrian 1 1340.00 752.54 1372.47 872.12
313 0 pedestrian 1 1341.78 752.21 1374.47 872.36
314 0 pedestrian 1 1343.55 751.89 1376.47 872.60
315 0 pedestrian 1 1345.32 751.56 1378.48 872.85
316 0 pedestrian 1 1347.10 751.23 1380.48 873.09
317 0 pedestrian 1 1348.87 750.91 1382.48 873.33
318 0 pedestrian 1 1350.64 750.58 1384.48 873.58
319 0 pedestrian 1 1352.42 750.25 1386.48 873.82
320 0 pedestrian 1 1354.19 749.93 1388.48 874.06
321 0 pedestrian 1 1355.96 749.60 1390.49 874.31
322 0 pedestrian 1 1357.74 749.27 1392.49 874.55
323 0 pedestrian 1 1359.51 748.95 1394.49 874.80
324 0 pedestrian 1 1361.28 748.62 1396.49 875.04
325 0 pedestrian 1 1363.05 748.29 1398.49 875.28
326 0 pedestrian 1 1364.83 747.97 1400.49 875.53
327 0 pedestrian 1 1366.60 747.64 1402.50 875.77
328 0 pedestrian 1 1368.37 747.31 1404.50 876.01
329 0 pedestrian 1 1370.15 746.99 1406.50 876.26
330 1 pedestrian 1 1371.92 746.66 1408.50 876.50
331 0 pedestrian 1 1374.74 746.84 1411.14 877.30
332 0 pedestrian 1 1377.56 747.02 1413.78 878.10
333 0 pedestrian 1 1380.38 747.19 1416.42 878.90
334 0 pedestrian 1 1383.20 747.37 1419.06 879.70
335 1 pedestrian 1 1386.02 747.55 1421.70 880.50
336 0 pedestrian 1 1388.31 746.67 1424.52 880.32
337 0 pedestrian 1 1390.60 745.79 1427.34 880.14
338 0 pedestrian 1 1392.89 744.90 1430.16 879.96
339 0 pedestrian 1 1395.18 744.02 1432.98 879.78
340 1 pedestrian 1 1397.47 743.14 1435.80 879.60
341 0 pedestrian 1 1400.73 743.93 1440.04 881.18
342 0 pedestrian 1 1403.99 744.73 1444.28 882.76
343 0 pedestrian 1 1407.26 745.52 1448.52 884.34
344 0 pedestrian 1 1410.52 746.32 1452.76 885.92
345 1 pedestrian 1 1413.78 747.11 1457.00 887.50
346 0 pedestrian 1 1417.13 746.84 1460.78 888.12
347 0 pedestrian 1 1420.48 746.58 1464.56 888.74
348 0 pedestrian 1 1423.82 746.31 1468.34 889.36
349 0 pedestrian 1 1427.17 746.05 1472.12 889.98
350 1 pedestrian 1 1430.52 745.78 1475.90 890.60
351 0 pedestrian 1 1434.57 745.78 1480.14 891.48
352 0 pedestrian 1 1438.63 745.78 1484.38 892.36
353 0 pedestrian 1 1442.68 745.78 1488.62 893.24
354 0 pedestrian 1 1446.74 745.78 1492.86 894.12
355 1 pedestrian 1 1450.79 745.78 1497.10 895.00
356 0 pedestrian 1 1455.42 745.05 1502.60 895.88
357 0 pedestrian 1 1460.05 744.31 1508.10 896.76
358 0 pedestrian 1 1464.67 743.58 1513.60 897.64
359 0 pedestrian 1 1469.30 742.84 1519.10 898.52
360 1 pedestrian 0 1473.93 742.11 1524.60 899.40
361 0 pedestrian 0 1479.44 740.86 1530.48 899.98
362 0 pedestrian 0 1484.95 739.61 1536.36 900.56
363 0 pedestrian 0 1490.45 738.37 1542.24 901.14
364 0 pedestrian 0 1495.96 737.12 1548.12 901.72
365 1 pedestrian 0 1501.47 735.87 1554.00 902.30
366 0 pedestrian 0 1508.08 733.81 1561.34 901.86
367 0 pedestrian 0 1514.69 731.75 1568.68 901.42
368 0 pedestrian 0 1521.30 729.70 1576.02 900.98
369 0 pedestrian 0 1527.91 727.64 1583.36 900.54
370 1 pedestrian 0 1534.52 725.58 1590.70 900.10
371 0 pedestrian 0 1541.86 722.64 1597.86 899.58
372 0 pedestrian 0 1549.21 719.70 1605.02 899.06
373 0 pedestrian 0 1556.55 716.77 1612.18 898.54
374 0 pedestrian 0 1563.90 713.83 1619.34 898.02
375 1 pedestrian 0 1571.24 710.89 1626.50 897.50
376 0 pedestrian 0 1580.42 707.59 1635.98 896.48
377 0 pedestrian 0 1589.60 704.28 1645.46 895.46
378 0 pedestrian 0 1598.78 700.98 1654.94 894.44
379 0 pedestrian 0 1607.96 697.67 1664.42 893.42
380 1 pedestrian 0 1617.14 694.37 1673.90 892.40
381 0 pedestrian 0 1627.86 691.06 1684.40 892.18
382 0 pedestrian 0 1638.59 687.76 1694.90 891.96
383 0 pedestrian 0 1649.31 684.45 1705.40 891.74
384 0 pedestrian 0 1660.04 681.15 1715.90 891.52
385 1 pedestrian 0 1670.76 677.84 1726.40 891.30
386 0 pedestrian 0 1683.02 674.68 1738.66 891.22
387 0 pedestrian 0 1695.29 671.52 1750.93 891.14
388 0 pedestrian 0 1707.55 668.37 1763.19 891.06
389 0 pedestrian 0 1719.82 665.21 1775.46 890.98
390 1 pedestrian 0 1732.08 662.05 1787.72 890.90
391 0 pedestrian 0 1745.23 657.94 1801.32 890.68
392 0 pedestrian 0 1758.37 653.83 1814.91 890.46
393 0 pedestrian 0 1771.52 649.71 1828.51 890.24
394 0 pedestrian 0 1784.66 645.60 1842.10 890.02
395 1 pedestrian 0 1797.81 641.49 1855.70 889.80
396 0 pedestrian 0 1811.54 636.35 1868.56 889.28
397 0 pedestrian 0 1825.28 631.21 1881.42 888.76
398 0 pedestrian 0 1839.01 626.06 1894.28 888.24
399 0 pedestrian 0 1852.75 620.92 1907.14 887.72
400 1 pedestrian 0 1866.48 615.78 1920.00 887.20
401 1 pedestrian 1 1880.25 609.91 1920.00 886.30
402 1 pedestrian 1 1894.03 604.03 1920.00 885.40
403 1 pedestrian 1 1910.55 596.32 1920.00 885.40
404 1 pedestrian 0 1910.55 596.32 1920.00 885.40
